# Force coefficients
# liftDir       : (0.00000000e+00 0.00000000e+00 1.00000000e+00)
# dragDir       : (1.00000000e+00 0.00000000e+00 0.00000000e+00)
# pitchAxis     : (0.00000000e+00 1.00000000e+00 0.00000000e+00)
# magUInf       : 2.00000000e+01
# lRef          : 2.78600000e+00
# Aref          : 2.15400000e+00
# CofR          : (1.39100000e+00 0.00000000e+00 0.00000000e+00)
# Time          	Cm              	Cd              	Cl              	Cl(f)           	Cl(r)           
0               	0.00000000e+00	0.00000000e+00	0.00000000e+00	0.00000000e+00	0.00000000e+00
1               	-1.33103873e-05	6.96777043e-05	8.75618288e-06	-8.93229588e-06	1.76884788e-05
2               	-1.03919580e-04	1.49343349e-03	-1.37348363e-03	-7.90661394e-04	-5.82822234e-04
3               	1.17499264e-04	3.48248828e-03	-3.81593711e-03	-1.79046929e-03	-2.02546782e-03
4               	1.51623183e-04	4.42949085e-03	-5.07937207e-03	-2.38806285e-03	-2.69130922e-03
5               	3.73111729e-04	5.60040050e-03	-6.62919586e-03	-2.94148620e-03	-3.68770966e-03
6               	6.93505030e-04	5.67971587e-03	-6.91783101e-03	-2.76541047e-03	-4.15242053e-03
7               	1.11360402e-03	5.22311971e-03	-6.74531883e-03	-2.25905540e-03	-4.48626343e-03
8               	1.45587910e-03	3.38871302e-03	-4.41256147e-03	-7.50401638e-04	-3.66215983e-03
9               	1.26183549e-03	7.41748238e-04	-8.91427094e-04	8.16121945e-04	-1.70754904e-03
10              	9.53911512e-04	-6.86722828e-04	9.87999194e-04	1.44791111e-03	-4.59911915e-04
11              	3.93964201e-04	-1.73713275e-03	1.73858521e-03	1.26325681e-03	4.75328402e-04
12              	-2.08591152e-04	-1.10016411e-03	7.69048419e-04	1.75933058e-04	5.93115361e-04
13              	-5.40848200e-04	1.41327358e-03	-1.75776722e-03	-1.41973181e-03	-3.38035412e-04
14              	-6.84780390e-04	3.95671967e-03	-4.12793526e-03	-2.74874802e-03	-1.37918724e-03
15              	-7.16174111e-04	6.46022943e-03	-5.70843511e-03	-3.57039167e-03	-2.13804344e-03
16              	-5.54229549e-04	8.44496557e-03	-5.83628787e-03	-3.47237349e-03	-2.36391439e-03
17              	-1.07674891e-04	9.51938990e-03	-4.70101264e-03	-2.45818121e-03	-2.24283143e-03
18              	5.91617493e-04	9.47093654e-03	-3.27915064e-03	-1.04795783e-03	-2.23119281e-03
19              	1.39009963e-03	8.58400938e-03	-3.15732865e-03	-1.88564697e-04	-2.96876395e-03
20              	2.13493169e-03	7.28726694e-03	-4.73969332e-03	-2.34914970e-04	-4.50477835e-03
21              	2.73561311e-03	5.81089973e-03	-7.54495519e-03	-1.03686449e-03	-6.50809071e-03
22              	3.01687971e-03	4.31014187e-03	-1.04108980e-02	-2.18856927e-03	-8.22232869e-03
23              	2.69823302e-03	2.94532602e-03	-1.12197253e-02	-2.91162965e-03	-8.30809568e-03
24              	1.78620068e-03	1.89619026e-03	-9.39512956e-03	-2.91136410e-03	-6.48376546e-03
25              	5.49741391e-04	1.30949705e-03	-5.95371354e-03	-2.42711538e-03	-3.52659816e-03
26              	-6.98565400e-04	1.17596102e-03	-2.26242360e-03	-1.82977720e-03	-4.32646400e-04
27              	-1.73007245e-03	1.48027963e-03	6.38189504e-04	-1.41097770e-03	2.04916720e-03
28              	-2.34646449e-03	2.30926453e-03	1.93212527e-03	-1.38040186e-03	3.31252713e-03
29              	-2.59650242e-03	3.44232268e-03	1.82522207e-03	-1.68389139e-03	3.50911346e-03
30              	-2.67372153e-03	4.64348715e-03	9.40049755e-04	-2.20369665e-03	3.14374641e-03
31              	-2.70977242e-03	5.63078485e-03	-1.81582365e-04	-2.80056361e-03	2.61898124e-03
32              	-2.74693408e-03	6.15731146e-03	-8.42506516e-04	-3.16818734e-03	2.32568083e-03
33              	-2.80466163e-03	6.38372507e-03	-7.26130986e-04	-3.16772712e-03	2.44159614e-03
34              	-2.92100636e-03	6.73848289e-03	4.67460016e-05	-2.89763336e-03	2.94437936e-03
35              	-3.02023087e-03	7.52520435e-03	7.46954084e-04	-2.64675383e-03	3.39370792e-03
36              	-2.97994690e-03	8.73756979e-03	5.15683834e-04	-2.72210498e-03	3.23778882e-03
37              	-2.76563816e-03	1.01843652e-02	-7.71703270e-04	-3.15148979e-03	2.37978652e-03
38              	-2.39543935e-03	1.15953086e-02	-2.79307687e-03	-3.79197778e-03	9.98900910e-04
39              	-1.92444753e-03	1.28028676e-02	-4.97231730e-03	-4.41060617e-03	-5.61711122e-04
40              	-1.51075290e-03	1.36324630e-02	-6.44560871e-03	-4.73355725e-03	-1.71205146e-03
41              	-1.32902248e-03	1.40916322e-02	-6.62149610e-03	-4.63977053e-03	-1.98172557e-03
42              	-1.47992570e-03	1.43324395e-02	-5.50867014e-03	-4.23426077e-03	-1.27440936e-03
43              	-1.89948068e-03	1.46024375e-02	-3.81510645e-03	-3.80703390e-03	-8.07254552e-06
44              	-2.42155351e-03	1.51805394e-02	-2.42976690e-03	-3.63643696e-03	1.20667006e-03
45              	-2.82088306e-03	1.61777859e-02	-2.15552082e-03	-3.89864347e-03	1.74312266e-03
46              	-2.90798970e-03	1.75109555e-02	-3.31913572e-03	-4.56755756e-03	1.24842184e-03
47              	-2.63749003e-03	1.90046696e-02	-5.56915903e-03	-5.42206954e-03	-1.47089480e-04
48              	-2.07241878e-03	2.04825252e-02	-8.28460167e-03	-6.21471962e-03	-2.06988205e-03
49              	-1.37594247e-03	2.17300994e-02	-1.06987587e-02	-6.72532182e-03	-3.97343688e-03
50              	-7.98061722e-04	2.25573941e-02	-1.20599807e-02	-6.82805205e-03	-5.23192861e-03
51              	-5.36209389e-04	2.29299396e-02	-1.20758699e-02	-6.57414435e-03	-5.50172557e-03
52              	-6.65689128e-04	2.29057574e-02	-1.10041686e-02	-6.16777344e-03	-4.83639518e-03
53              	-1.12648879e-03	2.26500364e-02	-9.47906711e-03	-5.86602234e-03	-3.61304476e-03
54              	-1.75781164e-03	2.23917887e-02	-8.25394831e-03	-5.88478579e-03	-2.36916252e-03
55              	-2.33677452e-03	2.24066363e-02	-7.96832443e-03	-6.32093674e-03	-1.64738769e-03
56              	-2.67352005e-03	2.28961084e-02	-8.91451859e-03	-7.13077935e-03	-1.78373924e-03
57              	-2.69295921e-03	2.39765544e-02	-1.08723405e-02	-8.12912944e-03	-2.74321103e-03
58              	-2.46971078e-03	2.55565342e-02	-1.31299188e-02	-9.03467019e-03	-4.09524863e-03
59              	-2.21686440e-03	2.72972497e-02	-1.47282890e-02	-9.58100888e-03	-5.14728008e-03
60              	-2.14280078e-03	2.88387939e-02	-1.51104560e-02	-9.69802879e-03	-5.41242723e-03
61              	-2.33293298e-03	3.00126755e-02	-1.43293054e-02	-9.49758570e-03	-4.83171973e-03
62              	-2.77020114e-03	3.07746442e-02	-1.28344326e-02	-9.18741746e-03	-3.64701518e-03
63              	-3.34616229e-03	3.11672339e-02	-1.13247935e-02	-9.00855905e-03	-2.31623448e-03
64              	-3.85954584e-03	3.13230521e-02	-1.06040231e-02	-9.16155740e-03	-1.44246572e-03
65              	-4.10674618e-03	3.14633812e-02	-1.11216725e-02	-9.66758245e-03	-1.45409010e-03
66              	-4.02795153e-03	3.18030158e-02	-1.26322708e-02	-1.03440869e-02	-2.28818385e-03
67              	-3.73622005e-03	3.24556645e-02	-1.44229133e-02	-1.09476767e-02	-3.47523662e-03
68              	-3.39616663e-03	3.33868889e-02	-1.58715358e-02	-1.13319345e-02	-4.53960128e-03
69              	-3.14422105e-03	3.45297621e-02	-1.66106163e-02	-1.14495292e-02	-5.16108712e-03
70              	-3.05300588e-03	3.58037867e-02	-1.65794280e-02	-1.13427199e-02	-5.23670812e-03
71              	-3.12995557e-03	3.71355818e-02	-1.59580373e-02	-1.11089742e-02	-4.84906308e-03
72              	-3.30038253e-03	3.84111108e-02	-1.52233355e-02	-1.09120503e-02	-4.31128521e-03
73              	-3.45049160e-03	3.95311759e-02	-1.48326001e-02	-1.08667916e-02	-3.96580843e-03
74              	-3.48208349e-03	4.04481840e-02	-1.50318405e-02	-1.09980037e-02	-4.03383675e-03
75              	-3.31624230e-03	4.11560817e-02	-1.58326856e-02	-1.12325851e-02	-4.60010050e-03
76              	-2.96890704e-03	4.15949533e-02	-1.69986813e-02	-1.14682477e-02	-5.53043359e-03
77              	-2.53890238e-03	4.17689972e-02	-1.81554728e-02	-1.16166388e-02	-6.53883400e-03
78              	-2.16670589e-03	4.17874862e-02	-1.89983176e-02	-1.16658647e-02	-7.33245290e-03
79              	-1.97156099e-03	4.18346911e-02	-1.94352414e-02	-1.16891817e-02	-7.74605970e-03
80              	-1.99877502e-03	4.20885253e-02	-1.95448295e-02	-1.17711898e-02	-7.77363972e-03
81              	-2.17884833e-03	4.26530984e-02	-1.95207230e-02	-1.19392098e-02	-7.58151318e-03
82              	-2.39885500e-03	4.34990589e-02	-1.95442481e-02	-1.21709791e-02	-7.37326905e-03
83              	-2.55326510e-03	4.45039646e-02	-1.96990232e-02	-1.24027767e-02	-7.29624649e-03
84              	-2.58027695e-03	4.54884453e-02	-1.99942142e-02	-1.25773841e-02	-7.41683016e-03
85              	-2.48142702e-03	4.62792683e-02	-2.04185703e-02	-1.26907122e-02	-7.72785812e-03
86              	-2.32546534e-03	4.67716716e-02	-2.09811650e-02	-1.28160478e-02	-8.16511716e-03
87              	-2.20239982e-03	4.69832821e-02	-2.16830269e-02	-1.30439133e-02	-8.63911362e-03
88              	-2.15646535e-03	4.70203079e-02	-2.25592303e-02	-1.34360805e-02	-9.12314982e-03
89              	-2.21899395e-03	4.69931752e-02	-2.35102236e-02	-1.39741058e-02	-9.53611785e-03
90              	-2.36982201e-03	4.69867415e-02	-2.45150199e-02	-1.46273319e-02	-9.88768792e-03
91              	-2.55835379e-03	4.70578899e-02	-2.54577549e-02	-1.52872312e-02	-1.01705237e-02
92              	-2.72691896e-03	4.72078113e-02	-2.62228866e-02	-1.58383623e-02	-1.03845244e-02
93              	-2.82837031e-03	4.73932147e-02	-2.67473231e-02	-1.62020318e-02	-1.05452912e-02
94              	-2.83000818e-03	4.75242846e-02	-2.69953985e-02	-1.63277074e-02	-1.06676911e-02
95              	-2.73009754e-03	4.75850595e-02	-2.70134312e-02	-1.62368131e-02	-1.07766180e-02
96              	-2.53528675e-03	4.76011880e-02	-2.69360881e-02	-1.60033308e-02	-1.09327573e-02
97              	-2.26991585e-03	4.75828727e-02	-2.68450993e-02	-1.56924655e-02	-1.11526338e-02
98              	-1.93359280e-03	4.75274553e-02	-2.67536818e-02	-1.53104337e-02	-1.14432481e-02
99              	-1.50423599e-03	4.74138399e-02	-2.66017629e-02	-1.48051174e-02	-1.17966454e-02
100             	-9.57610221e-04	4.72042440e-02	-2.62686199e-02	-1.40919202e-02	-1.21766997e-02
101             	-2.92072092e-04	4.68720156e-02	-2.56350899e-02	-1.31096170e-02	-1.25254728e-02
102             	4.61883306e-04	4.64124861e-02	-2.46458192e-02	-1.18610263e-02	-1.27847929e-02
103             	1.23994608e-03	4.58579711e-02	-2.33477132e-02	-1.04339105e-02	-1.29138027e-02
104             	1.97782030e-03	4.52606697e-02	-2.18741420e-02	-8.95925068e-03	-1.29148913e-02
105             	2.63138761e-03	4.46807924e-02	-2.03998079e-02	-7.56851632e-03	-1.28312915e-02
106             	3.18392619e-03	4.41653237e-02	-1.90574383e-02	-6.34479294e-03	-1.27126453e-02
107             	3.63372181e-03	4.37436936e-02	-1.79389710e-02	-5.33576370e-03	-1.26032073e-02
108             	3.97845401e-03	4.34343983e-02	-1.71057058e-02	-4.57439890e-03	-1.25313069e-02
109             	4.20340992e-03	4.32540633e-02	-1.65867137e-02	-4.08994691e-03	-1.24967668e-02
110             	4.31500844e-03	4.32421806e-02	-1.63800869e-02	-3.87503502e-03	-1.25050519e-02
111             	4.30996765e-03	4.34191993e-02	-1.64325819e-02	-3.90632330e-03	-1.25262586e-02
112             	4.19930401e-03	4.37755071e-02	-1.66229324e-02	-4.11216218e-03	-1.25107702e-02
113             	3.96706666e-03	4.43044204e-02	-1.68379123e-02	-4.45188949e-03	-1.23860228e-02
114             	3.59806745e-03	4.49942490e-02	-1.70098723e-02	-4.90686871e-03	-1.21030036e-02
115             	3.10393499e-03	4.58169923e-02	-1.71306149e-02	-5.46137243e-03	-1.16692424e-02
116             	2.51985047e-03	4.67292350e-02	-1.72381612e-02	-6.09923013e-03	-1.11389311e-02
117             	1.89409350e-03	4.76879141e-02	-1.73934323e-02	-6.80262267e-03	-1.05908097e-02
118             	1.26519591e-03	4.86724090e-02	-1.76254254e-02	-7.54751677e-03	-1.00779086e-02
119             	6.52541045e-04	4.97018036e-02	-1.79378401e-02	-8.31637902e-03	-9.62146111e-03
120             	7.32439506e-05	5.08041093e-02	-1.82994079e-02	-9.07646001e-03	-9.22294791e-03
121             	-4.49790530e-04	5.20017786e-02	-1.86582694e-02	-9.77892524e-03	-8.87934417e-03
122             	-9.07595217e-04	5.32939490e-02	-1.89729266e-02	-1.03940585e-02	-8.57886807e-03
123             	-1.30166083e-03	5.46394994e-02	-1.91925402e-02	-1.08979310e-02	-8.29460929e-03
124             	-1.65915920e-03	5.60107210e-02	-1.92935636e-02	-1.13059410e-02	-7.98762260e-03
125             	-2.00686864e-03	5.74029471e-02	-1.92734533e-02	-1.16435953e-02	-7.62985801e-03
126             	-2.36177841e-03	5.88288768e-02	-1.91451685e-02	-1.19343627e-02	-7.21080586e-03
127             	-2.71814496e-03	6.02650392e-02	-1.89133464e-02	-1.21748182e-02	-6.73852823e-03
128             	-3.06693004e-03	6.16876828e-02	-1.85893646e-02	-1.23616124e-02	-6.22775227e-03
129             	-3.39600818e-03	6.30695766e-02	-1.81641824e-02	-1.24780994e-02	-5.68608301e-03
130             	-3.70587009e-03	6.43962464e-02	-1.76555439e-02	-1.25336420e-02	-5.12190185e-03
131             	-4.01060614e-03	6.56770723e-02	-1.70704035e-02	-1.25458079e-02	-4.52459563e-03
132             	-4.32698928e-03	6.69199861e-02	-1.64129466e-02	-1.25334626e-02	-3.87948404e-03
133             	-4.66333114e-03	6.81222290e-02	-1.56889316e-02	-1.25077969e-02	-3.18113467e-03
134             	-5.01541164e-03	6.92812878e-02	-1.49249142e-02	-1.24778687e-02	-2.44704545e-03
135             	-5.37811174e-03	7.04089394e-02	-1.41156189e-02	-1.24359212e-02	-1.67969771e-03
136             	-5.75504566e-03	7.15208461e-02	-1.32363099e-02	-1.23732006e-02	-8.63109282e-04
137             	-6.15791578e-03	7.26233989e-02	-1.22695917e-02	-1.22927116e-02	2.31199020e-05
138             	-6.57572821e-03	7.37111544e-02	-1.11768789e-02	-1.21641677e-02	9.87288748e-04
139             	-7.02357064e-03	7.47869345e-02	-1.00624771e-02	-1.20548092e-02	1.99233209e-03
140             	-7.58139792e-03	7.59657911e-02	-8.88609205e-03	-1.20244439e-02	3.13835189e-03
141             	-8.25897365e-03	7.72128352e-02	-7.42455047e-03	-1.19712489e-02	4.54669841e-03
142             	-9.01403804e-03	7.84080724e-02	-5.63272697e-03	-1.18304015e-02	6.19767455e-03
143             	-9.76214757e-03	7.94453309e-02	-3.78267829e-03	-1.16534867e-02	7.87080842e-03
144             	-1.04784025e-02	8.03449447e-02	-2.00373236e-03	-1.14802687e-02	9.47653632e-03
145             	-1.11369024e-02	8.11458954e-02	-4.25404586e-04	-1.13496047e-02	1.09242002e-02
146             	-1.17156886e-02	8.19275983e-02	8.12037175e-04	-1.13096700e-02	1.21217072e-02
147             	-1.21914906e-02	8.27251706e-02	1.57624020e-03	-1.14033705e-02	1.29796107e-02
148             	-1.25647096e-02	8.35392553e-02	1.88438562e-03	-1.16225168e-02	1.35069024e-02
149             	-1.28534344e-02	8.43345981e-02	1.86978210e-03	-1.19185433e-02	1.37883254e-02
150             	-1.30656497e-02	8.50597881e-02	1.63364289e-03	-1.22488282e-02	1.38824711e-02
151             	-1.32118453e-02	8.57607364e-02	1.19288949e-03	-1.26154005e-02	1.38082900e-02
152             	-1.32938901e-02	8.64719170e-02	5.31679408e-04	-1.30280504e-02	1.35597298e-02
153             	-1.33319904e-02	8.72248347e-02	-3.75950696e-04	-1.35199658e-02	1.31440151e-02
154             	-1.33541822e-02	8.79979989e-02	-1.50917715e-03	-1.41087708e-02	1.25995936e-02
155             	-1.33987460e-02	8.87778633e-02	-2.76136141e-03	-1.47794267e-02	1.20180653e-02
156             	-1.34907230e-02	8.95395325e-02	-3.97392853e-03	-1.54776872e-02	1.15037587e-02
157             	-1.36514816e-02	9.02718094e-02	-5.02748326e-03	-1.61652232e-02	1.11377399e-02
158             	-1.38834060e-02	9.09462561e-02	-5.80881732e-03	-1.67878146e-02	1.09789973e-02
159             	-1.41722058e-02	9.15574514e-02	-6.34982117e-03	-1.73471164e-02	1.09972952e-02
160             	-1.44867875e-02	9.20978141e-02	-6.77189354e-03	-1.78727342e-02	1.11008407e-02
161             	-1.47781800e-02	9.26038419e-02	-7.37009147e-03	-1.84632257e-02	1.10931342e-02
162             	-1.50050499e-02	9.31234199e-02	-8.35360215e-03	-1.91818510e-02	1.08282488e-02
163             	-1.51476426e-02	9.36791475e-02	-9.81851614e-03	-2.00569007e-02	1.02383845e-02
164             	-1.52286413e-02	9.42637479e-02	-1.16623061e-02	-2.10597943e-02	9.39748823e-03
165             	-1.52695020e-02	9.48392485e-02	-1.36262282e-02	-2.20826161e-02	8.45638797e-03
166             	-1.53042148e-02	9.53769386e-02	-1.54214280e-02	-2.30149288e-02	7.59350078e-03
167             	-1.53623144e-02	9.59033978e-02	-1.69316851e-02	-2.38281570e-02	6.89647185e-03
168             	-1.54801888e-02	9.64430150e-02	-1.82181322e-02	-2.45892549e-02	6.37112273e-03
169             	-1.56675093e-02	9.70035887e-02	-1.94522452e-02	-2.53936319e-02	5.94138667e-03
170             	-1.59360322e-02	9.75507938e-02	-2.07041692e-02	-2.62881168e-02	5.58394765e-03
171             	-1.62550146e-02	9.80522441e-02	-2.20121506e-02	-2.72610898e-02	5.24893927e-03
172             	-1.66083567e-02	9.84907966e-02	-2.33449878e-02	-2.82808506e-02	4.93586277e-03
173             	-1.69688753e-02	9.88471860e-02	-2.45965148e-02	-2.92671327e-02	4.67061795e-03
174             	-1.73292176e-02	9.90932229e-02	-2.56170500e-02	-3.01377426e-02	4.52069257e-03
175             	-1.76755602e-02	9.92421244e-02	-2.64008916e-02	-3.08760060e-02	4.47511436e-03
176             	-1.79985644e-02	9.93186827e-02	-2.69978730e-02	-3.14975009e-02	4.49962788e-03
177             	-1.82883069e-02	9.93686673e-02	-2.74952559e-02	-3.20359348e-02	4.54067893e-03
178             	-1.85478375e-02	9.94522836e-02	-2.78873887e-02	-3.24915318e-02	4.60414314e-03
179             	-1.87880517e-02	9.96394421e-02	-2.81329361e-02	-3.28545197e-02	4.72158362e-03
180             	-1.90203302e-02	9.99739843e-02	-2.81470227e-02	-3.30938415e-02	4.94681883e-03
181             	-1.92754820e-02	1.00490422e-01	-2.78854683e-02	-3.32182162e-02	5.33274790e-03
182             	-1.95451949e-02	1.01185865e-01	-2.73626174e-02	-3.32265036e-02	5.86388618e-03
183             	-1.97995837e-02	1.02047917e-01	-2.66787647e-02	-3.31389661e-02	6.46020132e-03
184             	-2.00060494e-02	1.03037969e-01	-2.60001656e-02	-3.30061322e-02	7.00596655e-03
185             	-2.01440565e-02	1.04121255e-01	-2.53781588e-02	-3.28331359e-02	7.45497708e-03
186             	-2.02263965e-02	1.05268137e-01	-2.48448362e-02	-3.26488146e-02	7.80397843e-03
187             	-2.02801697e-02	1.06471743e-01	-2.43576437e-02	-3.24589915e-02	8.10134782e-03
188             	-2.02923070e-02	1.07704321e-01	-2.38751663e-02	-3.22298902e-02	8.35472384e-03
189             	-2.02640989e-02	1.08949178e-01	-2.33398930e-02	-3.19340454e-02	8.59415242e-03
190             	-2.02250687e-02	1.10183427e-01	-2.27217155e-02	-3.15859265e-02	8.86421101e-03
191             	-2.01841696e-02	1.11370791e-01	-2.19723242e-02	-3.11703317e-02	9.19800751e-03
192             	-2.01607511e-02	1.12498347e-01	-2.11208148e-02	-3.07211585e-02	9.60034376e-03
193             	-2.01657668e-02	1.13551174e-01	-2.02601581e-02	-3.02958458e-02	1.00356877e-02
194             	-2.01967548e-02	1.14513354e-01	-1.94375667e-02	-2.99155381e-02	1.04779715e-02
195             	-2.02406763e-02	1.15384631e-01	-1.87027527e-02	-2.95920527e-02	1.08893000e-02
196             	-2.03020523e-02	1.16184910e-01	-1.80567633e-02	-2.93304339e-02	1.12736706e-02
197             	-2.03970692e-02	1.16938587e-01	-1.74214191e-02	-2.91077787e-02	1.16863596e-02
198             	-2.05625111e-02	1.17681258e-01	-1.66826810e-02	-2.89038516e-02	1.22211706e-02
199             	-2.08250219e-02	1.18442510e-01	-1.57466584e-02	-2.86983511e-02	1.29516926e-02
200             	-2.11860237e-02	1.19239005e-01	-1.46078208e-02	-2.84899340e-02	1.38821133e-02
201             	-2.16017302e-02	1.20052890e-01	-1.33341826e-02	-2.82688214e-02	1.49346389e-02
202             	-2.20230818e-02	1.20861732e-01	-1.20921093e-02	-2.80691365e-02	1.59770272e-02
203             	-2.24137118e-02	1.21637295e-01	-1.09563129e-02	-2.78918683e-02	1.69355554e-02
204             	-2.27687322e-02	1.22372498e-01	-9.95605733e-03	-2.77467609e-02	1.77907036e-02
205             	-2.30797186e-02	1.23062216e-01	-9.10481823e-03	-2.76321277e-02	1.85273095e-02
206             	-2.33548850e-02	1.23714983e-01	-8.39151385e-03	-2.75506419e-02	1.91591281e-02
207             	-2.36040051e-02	1.24346718e-01	-7.76640482e-03	-2.74872075e-02	1.97208027e-02
208             	-2.38249384e-02	1.24988720e-01	-7.24680480e-03	-2.74483408e-02	2.02015360e-02
209             	-2.39849475e-02	1.25659281e-01	-6.89025504e-03	-2.74300750e-02	2.05398199e-02
210             	-2.40497869e-02	1.26367684e-01	-6.74378587e-03	-2.74216798e-02	2.06778940e-02
211             	-2.39849867e-02	1.27117801e-01	-6.87316705e-03	-2.74215702e-02	2.05484032e-02
212             	-2.37898792e-02	1.27910930e-01	-7.21886097e-03	-2.73993096e-02	2.01804487e-02
213             	-2.34966816e-02	1.28746213e-01	-7.60193482e-03	-2.72976490e-02	1.96957142e-02
214             	-2.31523496e-02	1.29601670e-01	-7.82744189e-03	-2.70660705e-02	1.92386287e-02
215             	-2.27906001e-02	1.30453631e-01	-7.81706289e-03	-2.66991316e-02	1.88820687e-02
216             	-2.23821616e-02	1.31298953e-01	-7.66302250e-03	-2.62136729e-02	1.85506504e-02
217             	-2.18885568e-02	1.32132573e-01	-7.53257576e-03	-2.56548447e-02	1.81222689e-02
218             	-2.13010791e-02	1.32948459e-01	-7.55821103e-03	-2.50801846e-02	1.75219736e-02
219             	-2.06432490e-02	1.33742402e-01	-7.83874091e-03	-2.45626195e-02	1.67238786e-02
220             	-1.99605544e-02	1.34515410e-01	-8.35507466e-03	-2.41380917e-02	1.57830171e-02
221             	-1.92795921e-02	1.35278548e-01	-9.01985755e-03	-2.37895209e-02	1.47696633e-02
222             	-1.86291294e-02	1.36040854e-01	-9.67744216e-03	-2.34678505e-02	1.37904083e-02
223             	-1.80291918e-02	1.36826588e-01	-1.02382247e-02	-2.31483041e-02	1.29100794e-02
224             	-1.74997317e-02	1.37647981e-01	-1.06523553e-02	-2.28259093e-02	1.21735541e-02
225             	-1.70372127e-02	1.38519537e-01	-1.09259062e-02	-2.25001658e-02	1.15742596e-02
226             	-1.66256692e-02	1.39424164e-01	-1.11192877e-02	-2.21853130e-02	1.10660253e-02
227             	-1.62331749e-02	1.40368812e-01	-1.13339714e-02	-2.19001606e-02	1.05661892e-02
228             	-1.58291186e-02	1.41344403e-01	-1.16905195e-02	-2.16743784e-02	9.98385889e-03
229             	-1.53980171e-02	1.42342769e-01	-1.22416538e-02	-2.15188441e-02	9.27719021e-03
230             	-1.49471736e-02	1.43358842e-01	-1.29392843e-02	-2.14168157e-02	8.47753141e-03
231             	-1.45059911e-02	1.44400209e-01	-1.36625031e-02	-2.13372427e-02	7.67473957e-03
232             	-1.41096880e-02	1.45460643e-01	-1.43169586e-02	-2.12681673e-02	6.95120872e-03
233             	-1.37858005e-02	1.46530135e-01	-1.48197604e-02	-2.11956807e-02	6.37592024e-03
234             	-1.35463748e-02	1.47581802e-01	-1.51045649e-02	-2.10986573e-02	5.99409236e-03
235             	-1.33879184e-02	1.48629862e-01	-1.51226188e-02	-2.09492278e-02	5.82660899e-03
236             	-1.32713953e-02	1.49668291e-01	-1.49691082e-02	-2.07559494e-02	5.78684120e-03
237             	-1.31622002e-02	1.50689382e-01	-1.47533632e-02	-2.05388818e-02	5.78551858e-03
238             	-1.30461928e-02	1.51709895e-01	-1.45202117e-02	-2.03062987e-02	5.78608695e-03
239             	-1.29418693e-02	1.52719789e-01	-1.42028272e-02	-2.00432829e-02	5.84045566e-03
240             	-1.28912975e-02	1.53676152e-01	-1.37110407e-02	-1.97468179e-02	6.03577717e-03
241             	-1.29416399e-02	1.54576259e-01	-1.29992756e-02	-1.94412777e-02	6.44200216e-03
242             	-1.31294596e-02	1.55406869e-01	-1.20470866e-02	-1.91530029e-02	7.10591631e-03
243             	-1.34487556e-02	1.56176120e-01	-1.09718340e-02	-1.89346726e-02	7.96283861e-03
244             	-1.38753398e-02	1.56865182e-01	-9.90560033e-03	-1.88281400e-02	8.92253966e-03
245             	-1.43724841e-02	1.57457566e-01	-8.98974782e-03	-1.88673580e-02	9.87761018e-03
246             	-1.48997789e-02	1.57912555e-01	-8.29460247e-03	-1.90470801e-02	1.07524777e-02
247             	-1.54101567e-02	1.58213545e-01	-7.90382540e-03	-1.93620694e-02	1.14582440e-02
248             	-1.58848656e-02	1.58365511e-01	-7.78939333e-03	-1.97795622e-02	1.19901689e-02
249             	-1.63165877e-02	1.58397431e-01	-7.81246308e-03	-2.02228192e-02	1.24103562e-02
250             	-1.67182136e-02	1.58332644e-01	-7.80540673e-03	-2.06209169e-02	1.28155102e-02
251             	-1.71101051e-02	1.58223536e-01	-7.60946381e-03	-2.09148371e-02	1.33053732e-02
252             	-1.75205686e-02	1.58106740e-01	-7.10970515e-03	-2.10754212e-02	1.39657160e-02
253             	-1.79594171e-02	1.58039858e-01	-6.23068537e-03	-2.10747598e-02	1.48440744e-02
254             	-1.84103327e-02	1.58056254e-01	-5.01689235e-03	-2.09187789e-02	1.59018865e-02
255             	-1.88411525e-02	1.58185894e-01	-3.56010532e-03	-2.06212052e-02	1.70610999e-02
256             	-1.92628857e-02	1.58407075e-01	-1.96410557e-03	-2.02449385e-02	1.82808329e-02
257             	-1.96914835e-02	1.58685739e-01	-2.79229881e-04	-1.98310985e-02	1.95518686e-02
258             	-2.01337272e-02	1.58978998e-01	1.43424901e-03	-1.94166027e-02	2.08508517e-02
259             	-2.05783648e-02	1.59265711e-01	3.09920373e-03	-1.90287629e-02	2.21279666e-02
260             	-2.09937036e-02	1.59526485e-01	4.64738749e-03	-1.86700099e-02	2.33173974e-02
261             	-2.13684748e-02	1.59757225e-01	6.07659401e-03	-1.83301778e-02	2.44067718e-02
262             	-2.17245846e-02	1.59949125e-01	7.38500238e-03	-1.80320834e-02	2.54170858e-02
263             	-2.20694521e-02	1.60103613e-01	8.51604905e-03	-1.78114275e-02	2.63274766e-02
264             	-2.23944066e-02	1.60226764e-01	9.44794271e-03	-1.76704353e-02	2.71183780e-02
265             	-2.26975678e-02	1.60325569e-01	1.01812485e-02	-1.76069436e-02	2.77881921e-02
266             	-2.29859362e-02	1.60404354e-01	1.07073030e-02	-1.76322848e-02	2.83395877e-02
267             	-2.32707607e-02	1.60475737e-01	1.10405478e-02	-1.77504868e-02	2.87910346e-02
268             	-2.35537111e-02	1.60542975e-01	1.11869252e-02	-1.79602485e-02	2.91471737e-02
269             	-2.37856238e-02	1.60626951e-01	1.11287827e-02	-1.82212324e-02	2.93500151e-02
270             	-2.39263227e-02	1.60731816e-01	1.08386917e-02	-1.85069769e-02	2.93456686e-02
271             	-2.39376174e-02	1.60893182e-01	1.02708384e-02	-1.88021982e-02	2.90730366e-02
272             	-2.37908488e-02	1.61109849e-01	9.38858248e-03	-1.90965575e-02	2.84851400e-02
273             	-2.34667129e-02	1.61382555e-01	8.15115006e-03	-1.93911379e-02	2.75422880e-02
274             	-2.30192431e-02	1.61719027e-01	6.63165387e-03	-1.97034162e-02	2.63350701e-02
275             	-2.25334439e-02	1.62145371e-01	5.04227054e-03	-2.00123086e-02	2.50545792e-02
276             	-2.20990374e-02	1.62678413e-01	3.60148121e-03	-2.02982968e-02	2.38997780e-02
277             	-2.17603447e-02	1.63338831e-01	2.49256162e-03	-2.05140639e-02	2.30066255e-02
278             	-2.15424580e-02	1.64139490e-01	1.83744064e-03	-2.06237377e-02	2.24611783e-02
279             	-2.14289428e-02	1.65031527e-01	1.72434870e-03	-2.05667685e-02	2.22911172e-02
280             	-2.13907306e-02	1.65956527e-01	2.05082000e-03	-2.03653206e-02	2.24161406e-02
281             	-2.13465091e-02	1.66871283e-01	2.58589327e-03	-2.00535625e-02	2.26394558e-02
282             	-2.12207753e-02	1.67755867e-01	3.00378899e-03	-1.97188808e-02	2.27226698e-02
283             	-2.09424782e-02	1.68581116e-01	3.04828877e-03	-1.94183338e-02	2.24666226e-02
284             	-2.04928992e-02	1.69320259e-01	2.56246519e-03	-1.92116666e-02	2.17741318e-02
285             	-1.98929937e-02	1.69937276e-01	1.62787582e-03	-1.90790558e-02	2.07069316e-02
286             	-1.92127565e-02	1.70429148e-01	3.83023138e-04	-1.90212449e-02	1.94042681e-02
287             	-1.85158717e-02	1.70807989e-01	-9.22431207e-04	-1.89770873e-02	1.80546561e-02
288             	-1.78295547e-02	1.71105179e-01	-2.16571715e-03	-1.89124133e-02	1.67466961e-02
289             	-1.71813414e-02	1.71332186e-01	-3.28587705e-03	-1.88242800e-02	1.55384029e-02
290             	-1.66675648e-02	1.71486124e-01	-4.14080848e-03	-1.87379690e-02	1.45971606e-02
291             	-1.63370521e-02	1.71562047e-01	-4.66534984e-03	-1.86697270e-02	1.40043771e-02
292             	-1.62035342e-02	1.71558266e-01	-4.89246130e-03	-1.86497648e-02	1.37573035e-02
293             	-1.62248219e-02	1.71509091e-01	-4.84236040e-03	-1.86460021e-02	1.38036417e-02
294             	-1.63373352e-02	1.71466292e-01	-4.61590795e-03	-1.86452892e-02	1.40293813e-02
295             	-1.64731088e-02	1.71488248e-01	-4.28728648e-03	-1.86167520e-02	1.43294655e-02
296             	-1.65911092e-02	1.71608923e-01	-3.95978502e-03	-1.85710017e-02	1.46112167e-02
297             	-1.66776074e-02	1.71828515e-01	-3.64053909e-03	-1.84978769e-02	1.48573378e-02
298             	-1.67529703e-02	1.72081397e-01	-3.34073731e-03	-1.84233390e-02	1.50826017e-02
299             	-1.68499135e-02	1.72317085e-01	-3.00851602e-03	-1.83541715e-02	1.53456555e-02
300             	-1.70240318e-02	1.72500616e-01	-2.58317242e-03	-1.83156180e-02	1.57324456e-02
301             	-1.72977364e-02	1.72642897e-01	-2.00512973e-03	-1.83003013e-02	1.62951716e-02
302             	-1.76756271e-02	1.72749109e-01	-1.27414897e-03	-1.83127016e-02	1.70385526e-02
303             	-1.81296302e-02	1.72826433e-01	-4.04234165e-04	-1.83317473e-02	1.79275132e-02
304             	-1.86191097e-02	1.72867318e-01	5.29650383e-04	-1.83542845e-02	1.88839349e-02
305             	-1.91048230e-02	1.72897659e-01	1.49496851e-03	-1.83573387e-02	1.98523072e-02
306             	-1.95706829e-02	1.72939378e-01	2.43658161e-03	-1.83523921e-02	2.07889737e-02
307             	-1.99961039e-02	1.73011624e-01	3.28859555e-03	-1.83518061e-02	2.16404017e-02
308             	-2.03811328e-02	1.73116090e-01	3.97531515e-03	-1.83934753e-02	2.23687904e-02
309             	-2.07403759e-02	1.73260777e-01	4.52181204e-03	-1.84794698e-02	2.30012819e-02
310             	-2.11014084e-02	1.73448032e-01	4.96294708e-03	-1.86199349e-02	2.35828820e-02
311             	-2.14653291e-02	1.73682409e-01	5.34425359e-03	-1.87932024e-02	2.41374559e-02
312             	-2.18076550e-02	1.73946953e-01	5.62548416e-03	-1.89949130e-02	2.46203971e-02
313             	-2.20890009e-02	1.74235411e-01	5.80494779e-03	-1.91865270e-02	2.49914748e-02
314             	-2.22708385e-02	1.74538991e-01	5.84607108e-03	-1.93478029e-02	2.51938740e-02
315             	-2.23420694e-02	1.74866018e-01	5.74441311e-03	-1.94698628e-02	2.52142759e-02
316             	-2.22856971e-02	1.75211773e-01	5.41094429e-03	-1.95802250e-02	2.49911693e-02
317             	-2.20803818e-02	1.75570042e-01	4.77562641e-03	-1.96925685e-02	2.44681950e-02
318             	-2.17327362e-02	1.75902239e-01	3.87530062e-03	-1.97950858e-02	2.36703865e-02
319             	-2.12931489e-02	1.76196216e-01	2.79703991e-03	-1.98946289e-02	2.26916688e-02
320             	-2.08359119e-02	1.76424550e-01	1.75254661e-03	-1.99596386e-02	2.17121853e-02
321             	-2.04441155e-02	1.76593551e-01	9.79394918e-04	-1.99544181e-02	2.09338130e-02
322             	-2.01517206e-02	1.76712489e-01	5.66774795e-04	-1.98683332e-02	2.04351080e-02
323             	-1.99500358e-02	1.76835349e-01	5.64886787e-04	-1.96675924e-02	2.02324792e-02
324             	-1.98334508e-02	1.77011052e-01	9.95288822e-04	-1.93358064e-02	2.03310952e-02
325             	-1.97711313e-02	1.77252979e-01	1.76382707e-03	-1.88892177e-02	2.06530448e-02
326             	-1.97332585e-02	1.77531613e-01	2.75153975e-03	-1.83574886e-02	2.11090284e-02
327             	-1.96749750e-02	1.77803398e-01	3.76205642e-03	-1.77939468e-02	2.15560032e-02
328             	-1.95891422e-02	1.78048553e-01	4.70393904e-03	-1.72371727e-02	2.19411118e-02
329             	-1.94728024e-02	1.78267393e-01	5.54723740e-03	-1.66991837e-02	2.22464211e-02
330             	-1.93333103e-02	1.78434620e-01	6.29628594e-03	-1.61851673e-02	2.24814533e-02
331             	-1.92034440e-02	1.78535958e-01	7.06340415e-03	-1.56717420e-02	2.27351461e-02
332             	-1.91245831e-02	1.78578679e-01	7.99223245e-03	-1.51284669e-02	2.31206993e-02
333             	-1.90934766e-02	1.78602011e-01	9.06169034e-03	-1.45626314e-02	2.36243217e-02
334             	-1.91038101e-02	1.78632740e-01	1.01669781e-02	-1.40203211e-02	2.41872992e-02
335             	-1.91217661e-02	1.78703166e-01	1.11877630e-02	-1.35278846e-02	2.47156476e-02
336             	-1.91068395e-02	1.78795411e-01	1.20030099e-02	-1.31053345e-02	2.51083445e-02
337             	-1.90143026e-02	1.78864983e-01	1.24912650e-02	-1.27686701e-02	2.52599352e-02
338             	-1.88322626e-02	1.78888714e-01	1.26122784e-02	-1.25261234e-02	2.51384018e-02
339             	-1.85506723e-02	1.78873097e-01	1.23585925e-02	-1.23713761e-02	2.47299686e-02
340             	-1.82074156e-02	1.78829020e-01	1.17818986e-02	-1.23164663e-02	2.40983649e-02
341             	-1.78599618e-02	1.78793122e-01	1.09506848e-02	-1.23846194e-02	2.33353042e-02
342             	-1.75591210e-02	1.78814389e-01	9.96664848e-03	-1.25757968e-02	2.25424453e-02
343             	-1.73252912e-02	1.78940398e-01	8.89603967e-03	-1.28772714e-02	2.17733110e-02
344             	-1.71497159e-02	1.79214315e-01	7.76459098e-03	-1.32674204e-02	2.10320114e-02
345             	-1.70027921e-02	1.79595614e-01	6.57028590e-03	-1.37176491e-02	2.02879350e-02
346             	-1.68710473e-02	1.79998682e-01	5.31789132e-03	-1.42121016e-02	1.95299929e-02
347             	-1.67817841e-02	1.80348873e-01	4.10573618e-03	-1.47289160e-02	1.88346522e-02
348             	-1.67902201e-02	1.80605816e-01	3.10010270e-03	-1.52401687e-02	1.83402714e-02
349             	-1.69604083e-02	1.80790035e-01	2.52029100e-03	-1.57002628e-02	1.82205538e-02
350             	-1.73316533e-02	1.80890001e-01	2.50824858e-03	-1.60775290e-02	1.85857776e-02
351             	-1.78866215e-02	1.80894977e-01	3.02551454e-03	-1.63738642e-02	1.93993787e-02
352             	-1.85469715e-02	1.80804079e-01	3.82406481e-03	-1.66349391e-02	2.04590039e-02
353             	-1.92318690e-02	1.80670222e-01	4.67255128e-03	-1.68955933e-02	2.15681446e-02
354             	-1.98850435e-02	1.80547534e-01	5.40453688e-03	-1.71827751e-02	2.25873120e-02
355             	-2.04501615e-02	1.80495226e-01	5.92807607e-03	-1.74861235e-02	2.34141995e-02
356             	-2.08634521e-02	1.80534648e-01	6.16087381e-03	-1.77830152e-02	2.39438890e-02
357             	-2.11218799e-02	1.80653286e-01	6.13467591e-03	-1.80545419e-02	2.41892179e-02
358             	-2.12856675e-02	1.80779812e-01	6.01679716e-03	-1.82772689e-02	2.42940661e-02
359             	-2.14120999e-02	1.80895958e-01	5.98058716e-03	-1.84218063e-02	2.44023935e-02
360             	-2.15143347e-02	1.81031918e-01	6.07040296e-03	-1.84791332e-02	2.45495362e-02
361             	-2.15809946e-02	1.81203127e-01	6.24351420e-03	-1.84592375e-02	2.47027517e-02
362             	-2.15916750e-02	1.81407082e-01	6.39352365e-03	-1.83949131e-02	2.47884368e-02
363             	-2.15344038e-02	1.81619193e-01	6.42717757e-03	-1.83208150e-02	2.47479926e-02
364             	-2.13948457e-02	1.81810142e-01	6.28345274e-03	-1.82531193e-02	2.45365720e-02
365             	-2.11661485e-02	1.81958290e-01	5.94533943e-03	-1.81934788e-02	2.41388182e-02
366             	-2.08738693e-02	1.82032094e-01	5.44144417e-03	-1.81531472e-02	2.35945914e-02
367             	-2.05720775e-02	1.82020798e-01	4.94289143e-03	-1.81006318e-02	2.30435232e-02
368             	-2.03084654e-02	1.81929102e-01	4.62080657e-03	-1.79980621e-02	2.26188686e-02
369             	-2.01244752e-02	1.81732576e-01	4.65081140e-03	-1.77990695e-02	2.24498809e-02
370             	-2.00186507e-02	1.81425789e-01	5.07404600e-03	-1.74816277e-02	2.25556737e-02
371             	-1.99856804e-02	1.81027073e-01	5.85266530e-03	-1.70593478e-02	2.29120131e-02
372             	-1.99774298e-02	1.80645794e-01	6.78893815e-03	-1.65829607e-02	2.33718989e-02
373             	-1.99656022e-02	1.80293379e-01	7.75135007e-03	-1.60899272e-02	2.38412773e-02
374             	-1.99435104e-02	1.79935055e-01	8.64399008e-03	-1.56215153e-02	2.42655054e-02
375             	-1.99195189e-02	1.79582726e-01	9.43195400e-03	-1.52035419e-02	2.46354959e-02
376             	-1.99239946e-02	1.79258633e-01	1.01126810e-02	-1.48676540e-02	2.49803351e-02
377             	-1.99279663e-02	1.79059337e-01	1.05729205e-02	-1.46415061e-02	2.52144266e-02
378             	-1.99003261e-02	1.79037545e-01	1.07383163e-02	-1.45311679e-02	2.52694843e-02
379             	-1.98167574e-02	1.79213889e-01	1.05495265e-02	-1.45419942e-02	2.50915206e-02
380             	-1.96721044e-02	1.79546620e-01	9.95105958e-03	-1.46965746e-02	2.46476342e-02
381             	-1.94670104e-02	1.79981841e-01	8.99119776e-03	-1.49714115e-02	2.39626092e-02
382             	-1.92055742e-02	1.80462006e-01	7.75655070e-03	-1.53272989e-02	2.30838496e-02
383             	-1.89220618e-02	1.80950928e-01	6.35774858e-03	-1.57431875e-02	2.21009361e-02
384             	-1.86801149e-02	1.81418642e-01	4.94814947e-03	-1.62060401e-02	2.11541896e-02
385             	-1.85446677e-02	1.81872353e-01	3.68387342e-03	-1.67027310e-02	2.03866044e-02
386             	-1.85615305e-02	1.82299560e-01	2.69160586e-03	-1.72157276e-02	1.99073335e-02
387             	-1.87483175e-02	1.82640030e-01	2.03151702e-03	-1.77325590e-02	1.97640760e-02
388             	-1.90910466e-02	1.82792897e-01	1.71542637e-03	-1.82333334e-02	1.99487598e-02
389             	-1.95466450e-02	1.82694645e-01	1.72881437e-03	-1.86822378e-02	2.04110522e-02
390             	-2.00540248e-02	1.82340504e-01	2.01577250e-03	-1.90461385e-02	2.10619110e-02
391             	-2.05444009e-02	1.81822753e-01	2.44224873e-03	-1.93232766e-02	2.17655253e-02
392             	-2.09699688e-02	1.81286352e-01	2.90229709e-03	-1.95188203e-02	2.24211174e-02
393             	-2.13049383e-02	1.80860508e-01	3.27835468e-03	-1.96657609e-02	2.29441156e-02
394             	-2.15292060e-02	1.80564247e-01	3.41998235e-03	-1.98192148e-02	2.32391971e-02
395             	-2.16431713e-02	1.80389335e-01	3.25229891e-03	-2.00170219e-02	2.32693208e-02
396             	-2.16612345e-02	1.80329048e-01	2.81327449e-03	-2.02545973e-02	2.30678718e-02
397             	-2.16090252e-02	1.80408588e-01	2.22465745e-03	-2.04966965e-02	2.27213539e-02
398             	-2.15393486e-02	1.80584045e-01	1.78641185e-03	-2.06461427e-02	2.24325546e-02
399             	-2.15121521e-02	1.80776167e-01	1.84317247e-03	-2.05905658e-02	2.24337383e-02
400             	-2.15679920e-02	1.80878906e-01	2.61809660e-03	-2.02589437e-02	2.28770403e-02
401             	-2.16990276e-02	1.80869510e-01	4.07166517e-03	-1.96631950e-02	2.37348602e-02
402             	-2.18764327e-02	1.80775841e-01	5.95299561e-03	-1.88999349e-02	2.48529305e-02
403             	-2.20392650e-02	1.80675413e-01	7.82986353e-03	-1.81243333e-02	2.59541968e-02
404             	-2.21105637e-02	1.80634159e-01	9.36194881e-03	-1.74295893e-02	2.67915381e-02
405             	-2.20192907e-02	1.80680623e-01	1.03761337e-02	-1.68312238e-02	2.72073575e-02
406             	-2.17220889e-02	1.80788505e-01	1.08716371e-02	-1.62862703e-02	2.71579075e-02
407             	-2.12309093e-02	1.80934829e-01	1.09361953e-02	-1.57628116e-02	2.66990069e-02
408             	-2.05929904e-02	1.81048499e-01	1.06407649e-02	-1.52726080e-02	2.59133729e-02
409             	-1.98712471e-02	1.81089365e-01	1.00140422e-02	-1.48642260e-02	2.48782682e-02
410             	-1.91361156e-02	1.81052725e-01	9.13300887e-03	-1.45696112e-02	2.37026201e-02
411             	-1.84463818e-02	1.80964994e-01	8.14478818e-03	-1.43739877e-02	2.25187759e-02
412             	-1.78077672e-02	1.80866825e-01	7.14988959e-03	-1.42328224e-02	2.13827120e-02
413             	-1.72455599e-02	1.80788800e-01	6.25339175e-03	-1.41188640e-02	2.03722557e-02
414             	-1.67920287e-02	1.80735279e-01	5.54975919e-03	-1.40171491e-02	1.95669083e-02
415             	-1.64770629e-02	1.80734169e-01	5.08863129e-03	-1.39327473e-02	1.90213785e-02
416             	-1.63191938e-02	1.80761648e-01	4.87550043e-03	-1.38814436e-02	1.87569441e-02
417             	-1.63095854e-02	1.80817385e-01	4.81283878e-03	-1.39031660e-02	1.87160048e-02
418             	-1.64236216e-02	1.80888776e-01	4.75979684e-03	-1.40437232e-02	1.88035200e-02
419             	-1.66344774e-02	1.81004730e-01	4.65030685e-03	-1.43093239e-02	1.89596308e-02
420             	-1.69174175e-02	1.81174103e-01	4.51513758e-03	-1.46598487e-02	1.91749863e-02
421             	-1.72817610e-02	1.81436435e-01	4.42019835e-03	-1.50716618e-02	1.94918602e-02
422             	-1.77428656e-02	1.81773705e-01	4.41662075e-03	-1.55345553e-02	1.99511760e-02
423             	-1.82794245e-02	1.82125740e-01	4.46987538e-03	-1.60444868e-02	2.05143622e-02
424             	-1.88331250e-02	1.82397902e-01	4.46476430e-03	-1.66007429e-02	2.10655072e-02
425             	-1.93459495e-02	1.82529401e-01	4.31247530e-03	-1.71897119e-02	2.15021872e-02
426             	-1.97708532e-02	1.82493352e-01	3.93401526e-03	-1.78038456e-02	2.17378609e-02
427             	-2.00651316e-02	1.82311187e-01	3.30421799e-03	-1.84130226e-02	2.17172406e-02
428             	-2.02154035e-02	1.82015919e-01	2.51385699e-03	-1.89584750e-02	2.14723320e-02
429             	-2.02289393e-02	1.81723275e-01	1.72202164e-03	-1.93679285e-02	2.10899501e-02
430             	-2.01407304e-02	1.81517140e-01	1.09929344e-03	-1.95910837e-02	2.06903772e-02
431             	-1.99923949e-02	1.81457305e-01	7.11770953e-04	-1.96365094e-02	2.03482803e-02
432             	-1.98280483e-02	1.81534530e-01	5.63971544e-04	-1.95460626e-02	2.01100341e-02
433             	-1.96572728e-02	1.81692349e-01	6.16315771e-04	-1.93491149e-02	1.99654307e-02
434             	-1.94766354e-02	1.81850438e-01	7.87462441e-04	-1.90829041e-02	1.98703666e-02
435             	-1.92823344e-02	1.81983806e-01	1.01945127e-03	-1.87726087e-02	1.97920600e-02
436             	-1.90557873e-02	1.82080981e-01	1.27253152e-03	-1.84195215e-02	1.96920530e-02
437             	-1.87804414e-02	1.82167248e-01	1.53417561e-03	-1.80133536e-02	1.95475292e-02
438             	-1.84532185e-02	1.82262113e-01	1.77659356e-03	-1.75649217e-02	1.93415153e-02
439             	-1.80811858e-02	1.82369871e-01	1.92220136e-03	-1.71200851e-02	1.90422865e-02
440             	-1.76684987e-02	1.82439872e-01	1.88853005e-03	-1.67242337e-02	1.86127638e-02
441             	-1.72398181e-02	1.82423836e-01	1.67160298e-03	-1.64040166e-02	1.80756196e-02
442             	-1.68453362e-02	1.82287890e-01	1.31652901e-03	-1.61870717e-02	1.75036007e-02
443             	-1.65178096e-02	1.82054006e-01	8.69481355e-04	-1.60830689e-02	1.69525503e-02
444             	-1.62756628e-02	1.81748332e-01	3.80923049e-04	-1.60852013e-02	1.64661243e-02
445             	-1.61251105e-02	1.81409533e-01	-1.01640824e-04	-1.61759309e-02	1.60742901e-02
446             	-1.60502427e-02	1.81052811e-01	-5.55389724e-04	-1.63279376e-02	1.57725479e-02
447             	-1.60473980e-02	1.80713631e-01	-9.33497192e-04	-1.65141465e-02	1.55806494e-02
448             	-1.61062152e-02	1.80442145e-01	-1.27878565e-03	-1.67456080e-02	1.54668224e-02
449             	-1.62080522e-02	1.80251543e-01	-1.64004544e-03	-1.70280750e-02	1.53880295e-02
450             	-1.63346225e-02	1.80143864e-01	-2.09314945e-03	-1.73811973e-02	1.52880478e-02
451             	-1.64670459e-02	1.80132196e-01	-2.72184153e-03	-1.78279667e-02	1.51061252e-02
452             	-1.66022241e-02	1.80199234e-01	-3.54607605e-03	-1.83752621e-02	1.48291861e-02
453             	-1.67439914e-02	1.80351119e-01	-4.44889737e-03	-1.89684401e-02	1.45195427e-02
454             	-1.69299906e-02	1.80595300e-01	-5.22992778e-03	-1.95449545e-02	1.43150267e-02
455             	-1.72059130e-02	1.80968663e-01	-5.71899199e-03	-2.00654090e-02	1.43464170e-02
456             	-1.75774619e-02	1.81454041e-01	-5.77515703e-03	-2.04650404e-02	1.46898834e-02
457             	-1.80219053e-02	1.82003855e-01	-5.35424126e-03	-2.06990259e-02	1.53447847e-02
458             	-1.85041983e-02	1.82558360e-01	-4.47765186e-03	-2.07430242e-02	1.62653724e-02
459             	-1.90103794e-02	1.83071237e-01	-3.19752160e-03	-2.06091402e-02	1.74116186e-02
460             	-1.95220740e-02	1.83497616e-01	-1.61259079e-03	-2.03283694e-02	1.87157786e-02
461             	-1.99728118e-02	1.83827127e-01	8.50860349e-05	-1.99302688e-02	2.00153548e-02
462             	-2.03195395e-02	1.84047708e-01	1.79018507e-03	-1.94244470e-02	2.12146320e-02
463             	-2.05224427e-02	1.84174210e-01	3.36951599e-03	-1.88376847e-02	2.22072006e-02
464             	-2.05617810e-02	1.84208596e-01	4.72642014e-03	-1.81985709e-02	2.29249910e-02
465             	-2.04185585e-02	1.84228135e-01	5.81384798e-03	-1.75116345e-02	2.33254825e-02
466             	-2.01068155e-02	1.84283715e-01	6.61562272e-03	-1.67990041e-02	2.34146269e-02
467             	-1.96350004e-02	1.84399035e-01	7.15276756e-03	-1.60586166e-02	2.32113841e-02
468             	-1.90154553e-02	1.84574255e-01	7.40983291e-03	-1.53105389e-02	2.27203718e-02
469             	-1.82984388e-02	1.84816506e-01	7.36937531e-03	-1.46137511e-02	2.19831264e-02
470             	-1.75267583e-02	1.85121820e-01	7.06644608e-03	-1.39935353e-02	2.10599814e-02
471             	-1.67424429e-02	1.85505219e-01	6.58723607e-03	-1.34488248e-02	2.00360609e-02
472             	-1.59712620e-02	1.85954096e-01	5.98844811e-03	-1.29770380e-02	1.89654861e-02
473             	-1.52211279e-02	1.86477757e-01	5.28187711e-03	-1.25801894e-02	1.78620665e-02
474             	-1.44925396e-02	1.87035865e-01	4.45116994e-03	-1.22669546e-02	1.67181245e-02
475             	-1.38265687e-02	1.87545092e-01	3.56224339e-03	-1.20454470e-02	1.56076904e-02
476             	-1.32781101e-02	1.87892245e-01	2.70745638e-03	-1.19243819e-02	1.46318383e-02
477             	-1.28811662e-02	1.88025576e-01	1.91630758e-03	-1.19230124e-02	1.38393200e-02
478             	-1.26562702e-02	1.87935675e-01	1.20185214e-03	-1.20553441e-02	1.32571963e-02
479             	-1.25974246e-02	1.87661556e-01	6.11084286e-04	-1.22918825e-02	1.29029668e-02
480             	-1.26749882e-02	1.87251882e-01	1.24003847e-04	-1.26129862e-02	1.27369901e-02
481             	-1.28561346e-02	1.86749688e-01	-2.78633227e-04	-1.29954512e-02	1.27168180e-02
482             	-1.31323779e-02	1.86153902e-01	-5.91492197e-04	-1.34281240e-02	1.28366318e-02
483             	-1.34921342e-02	1.85517521e-01	-7.99849136e-04	-1.38920587e-02	1.30922096e-02
484             	-1.39394342e-02	1.84953864e-01	-8.90547182e-04	-1.43847078e-02	1.34941606e-02
485             	-1.44599887e-02	1.84583502e-01	-8.70935029e-04	-1.48954563e-02	1.40245212e-02
486             	-1.50348013e-02	1.84423385e-01	-7.38002523e-04	-1.54038026e-02	1.46658000e-02
487             	-1.56526529e-02	1.84431322e-01	-5.41673216e-04	-1.59234895e-02	1.53818163e-02
488             	-1.62927242e-02	1.84514365e-01	-3.43775333e-04	-1.64646119e-02	1.61208366e-02
489             	-1.69379364e-02	1.84612244e-01	-1.73870544e-04	-1.70248717e-02	1.68510011e-02
490             	-1.75592377e-02	1.84692447e-01	-4.90043685e-05	-1.75837399e-02	1.75347355e-02
491             	-1.81320313e-02	1.84737714e-01	4.19767560e-07	-1.81318214e-02	1.81322412e-02
492             	-1.86334253e-02	1.84722658e-01	-6.16654789e-05	-1.86642581e-02	1.86025926e-02
493             	-1.90439398e-02	1.84655104e-01	-2.83354111e-04	-1.91856168e-02	1.89022627e-02
494             	-1.93344470e-02	1.84509401e-01	-7.00141159e-04	-1.96845175e-02	1.89843764e-02
495             	-1.94852101e-02	1.84278948e-01	-1.26682250e-03	-2.01186213e-02	1.88517988e-02
496             	-1.95097226e-02	1.83970151e-01	-1.90875417e-03	-2.04640997e-02	1.85553455e-02
497             	-1.94342841e-02	1.83603028e-01	-2.56869941e-03	-2.07186338e-02	1.81499344e-02
498             	-1.92962713e-02	1.83206846e-01	-3.14036241e-03	-2.08664525e-02	1.77260901e-02
499             	-1.91281305e-02	1.82796958e-01	-3.53626495e-03	-2.08962630e-02	1.73599980e-02
500             	-1.89511691e-02	1.82409884e-01	-3.68905541e-03	-2.07956969e-02	1.71066414e-02
501             	-1.87927960e-02	1.82117812e-01	-3.49044191e-03	-2.05380169e-02	1.70475750e-02
502             	-1.85998112e-02	1.81977861e-01	-2.98080109e-03	-2.00902118e-02	1.71094107e-02
503             	-1.82369999e-02	1.82017188e-01	-2.42456184e-03	-1.94492808e-02	1.70247190e-02
504             	-1.76434991e-02	1.82199784e-01	-2.05700862e-03	-1.86720034e-02	1.66149948e-02
505             	-1.68771029e-02	1.82478774e-01	-2.01091340e-03	-1.78825596e-02	1.58716462e-02
506             	-1.60199902e-02	1.82837876e-01	-2.34726486e-03	-1.71936227e-02	1.48463578e-02
507             	-1.52054465e-02	1.83262311e-01	-2.93915516e-03	-1.66750241e-02	1.37358690e-02
508             	-1.44975828e-02	1.83726276e-01	-3.63300001e-03	-1.63140828e-02	1.26810828e-02
509             	-1.39759585e-02	1.84191653e-01	-4.18231498e-03	-1.60671160e-02	1.18848010e-02
510             	-1.36936183e-02	1.84561273e-01	-4.38522421e-03	-1.58862304e-02	1.15010062e-02
511             	-1.36125042e-02	1.84796767e-01	-4.21013879e-03	-1.57175736e-02	1.15074348e-02
512             	-1.36701221e-02	1.84861383e-01	-3.71701443e-03	-1.55286293e-02	1.18116149e-02
513             	-1.38123531e-02	1.84746689e-01	-2.97671111e-03	-1.53007087e-02	1.23239976e-02
514             	-1.40253404e-02	1.84454273e-01	-2.01621450e-03	-1.50334477e-02	1.30172332e-02
515             	-1.43280909e-02	1.84020203e-01	-8.68825618e-04	-1.47625037e-02	1.38936781e-02
516             	-1.47422681e-02	1.83482359e-01	3.87521895e-04	-1.45485071e-02	1.49360290e-02
517             	-1.52824440e-02	1.82879255e-01	1.66767800e-03	-1.44486050e-02	1.61162830e-02
518             	-1.59421270e-02	1.82251279e-01	2.83245894e-03	-1.45258975e-02	1.73583564e-02
519             	-1.66752780e-02	1.81706260e-01	3.72072440e-03	-1.48149158e-02	1.85356402e-02
520             	-1.74627980e-02	1.81327199e-01	4.24773128e-03	-1.53389324e-02	1.95866637e-02
521             	-1.82308110e-02	1.81179630e-01	4.34928367e-03	-1.60561692e-02	2.04054528e-02
522             	-1.89109049e-02	1.81252478e-01	4.10221277e-03	-1.68597986e-02	2.09620113e-02
523             	-1.95094944e-02	1.81502393e-01	3.68245445e-03	-1.76682671e-02	2.13507216e-02
524             	-2.00526172e-02	1.81867119e-01	3.27062684e-03	-1.84173038e-02	2.16879307e-02
525             	-2.05518116e-02	1.82299498e-01	3.02548760e-03	-1.90390678e-02	2.20645554e-02
526             	-2.10110675e-02	1.82765483e-01	3.03264908e-03	-1.94947430e-02	2.25273921e-02
527             	-2.14289582e-02	1.83253720e-01	3.38986304e-03	-1.97340267e-02	2.31238897e-02
528             	-2.17782083e-02	1.83732024e-01	4.07212231e-03	-1.97421472e-02	2.38142695e-02
529             	-2.20211611e-02	1.84186659e-01	4.95826107e-03	-1.95420305e-02	2.45002916e-02
530             	-2.21062435e-02	1.84609286e-01	5.87632079e-03	-1.91680831e-02	2.50444039e-02
531             	-2.20195142e-02	1.85007198e-01	6.73185767e-03	-1.86535854e-02	2.53854431e-02
532             	-2.17184340e-02	1.85339924e-01	7.39525616e-03	-1.80208060e-02	2.54160621e-02
533             	-2.11828588e-02	1.85602803e-01	7.81721326e-03	-1.72742521e-02	2.50914654e-02
534             	-2.04592524e-02	1.85779659e-01	8.01400952e-03	-1.64522476e-02	2.44662572e-02
535             	-1.96229457e-02	1.85865323e-01	8.06561376e-03	-1.55901389e-02	2.36557526e-02
536             	-1.87297733e-02	1.85838334e-01	8.02094413e-03	-1.47193013e-02	2.27402454e-02
537             	-1.78116077e-02	1.85679738e-01	7.85832308e-03	-1.38824461e-02	2.17407692e-02
538             	-1.69048824e-02	1.85378586e-01	7.55280057e-03	-1.31284821e-02	2.06812827e-02
539             	-1.60348627e-02	1.84919560e-01	7.06047822e-03	-1.25046236e-02	1.95651018e-02
540             	-1.52308652e-02	1.84361067e-01	6.38811995e-03	-1.20368053e-02	1.84249252e-02
541             	-1.44933223e-02	1.83822841e-01	5.52244833e-03	-1.17320982e-02	1.72545465e-02
542             	-1.38408836e-02	1.83388101e-01	4.49050017e-03	-1.15956336e-02	1.60861337e-02
543             	-1.33290679e-02	1.83119033e-01	3.43952973e-03	-1.16093031e-02	1.50488328e-02
544             	-1.30144960e-02	1.83019678e-01	2.51702588e-03	-1.17559830e-02	1.42730089e-02
545             	-1.29296851e-02	1.83095439e-01	1.81773578e-03	-1.20208172e-02	1.38385530e-02
546             	-1.30674213e-02	1.83339612e-01	1.30669339e-03	-1.24140746e-02	1.37207680e-02
547             	-1.33847517e-02	1.83723330e-01	9.12376815e-04	-1.29285633e-02	1.38409401e-02
548             	-1.38308923e-02	1.84192031e-01	6.31178207e-04	-1.35153032e-02	1.41464814e-02
549             	-1.43573164e-02	1.84698843e-01	5.02493516e-04	-1.41060696e-02	1.46085631e-02
550             	-1.49386476e-02	1.85180933e-01	5.72139547e-04	-1.46525779e-02	1.52247174e-02
551             	-1.55655786e-02	1.85582546e-01	8.15575271e-04	-1.51577910e-02	1.59733663e-02
552             	-1.62447718e-02	1.85862261e-01	1.17295810e-03	-1.56582927e-02	1.68312508e-02
553             	-1.70073435e-02	1.85968007e-01	1.64577732e-03	-1.61844548e-02	1.78302321e-02
554             	-1.78603640e-02	1.85863652e-01	2.26417122e-03	-1.67282784e-02	1.89924496e-02
555             	-1.87693547e-02	1.85562434e-01	3.02005078e-03	-1.72593293e-02	2.02793801e-02
556             	-1.96588040e-02	1.85094087e-01	3.84691237e-03	-1.77353478e-02	2.15822602e-02
557             	-2.04317733e-02	1.84518416e-01	4.65145693e-03	-1.81060448e-02	2.27575017e-02
558             	-2.10067459e-02	1.83873492e-01	5.34138465e-03	-1.83360535e-02	2.36774382e-02
559             	-2.13185313e-02	1.83206489e-01	5.86620644e-03	-1.83854281e-02	2.42516345e-02
560             	-2.13799254e-02	1.82588905e-01	6.30007743e-03	-1.82298867e-02	2.45299642e-02
561             	-2.12618548e-02	1.82074455e-01	6.70856861e-03	-1.79075705e-02	2.46161391e-02
562             	-2.10565036e-02	1.81708125e-01	7.15237374e-03	-1.74803168e-02	2.46326905e-02
563             	-2.08324857e-02	1.81492087e-01	7.64224416e-03	-1.70113636e-02	2.46536078e-02
564             	-2.06027465e-02	1.81418981e-01	8.07961376e-03	-1.65629396e-02	2.46425533e-02
565             	-2.03641136e-02	1.81492900e-01	8.33521875e-03	-1.61965042e-02	2.45317229e-02
566             	-2.01092510e-02	1.81702593e-01	8.36300963e-03	-1.59277462e-02	2.42907558e-02
567             	-1.98082143e-02	1.82017021e-01	8.12488554e-03	-1.57457715e-02	2.38706571e-02
568             	-1.94264520e-02	1.82397676e-01	7.59503195e-03	-1.56289360e-02	2.32239679e-02
569             	-1.89568511e-02	1.82800642e-01	6.80082609e-03	-1.55564380e-02	2.23572641e-02
570             	-1.84363516e-02	1.83160986e-01	5.74287267e-03	-1.55649152e-02	2.13077879e-02
571             	-1.79211588e-02	1.83422436e-01	4.49084885e-03	-1.56757344e-02	2.01665832e-02
572             	-1.74424731e-02	1.83553046e-01	3.15159044e-03	-1.58666779e-02	1.90182683e-02
573             	-1.69863576e-02	1.83539005e-01	1.78291776e-03	-1.60948988e-02	1.78778165e-02
574             	-1.65530410e-02	1.83383047e-01	4.45427421e-04	-1.63303273e-02	1.67757548e-02
575             	-1.61613955e-02	1.83118729e-01	-7.72029355e-04	-1.65474102e-02	1.57753808e-02
576             	-1.58441212e-02	1.82809834e-01	-1.70100997e-03	-1.66946262e-02	1.49936162e-02
577             	-1.56184492e-02	1.82527990e-01	-2.18945051e-03	-1.67131745e-02	1.45237240e-02
578             	-1.54423814e-02	1.82300312e-01	-2.22948055e-03	-1.65571217e-02	1.43276412e-02
579             	-1.52681119e-02	1.82155772e-01	-1.98165456e-03	-1.62589392e-02	1.42772846e-02
580             	-1.50721363e-02	1.82078739e-01	-1.62942772e-03	-1.58868502e-02	1.42574224e-02
581             	-1.48606474e-02	1.82063723e-01	-1.33339323e-03	-1.55273440e-02	1.41939508e-02
582             	-1.46699161e-02	1.82116216e-01	-1.11485060e-03	-1.52273414e-02	1.41124908e-02
583             	-1.45479811e-02	1.82264581e-01	-9.33934649e-04	-1.50149485e-02	1.40810138e-02
584             	-1.45370272e-02	1.82519144e-01	-7.99942215e-04	-1.49369983e-02	1.41370561e-02
585             	-1.46392039e-02	1.82845150e-01	-8.13825901e-04	-1.50461169e-02	1.42322910e-02
586             	-1.48173061e-02	1.83186236e-01	-1.10280292e-03	-1.53687075e-02	1.42659046e-02
587             	-1.50237216e-02	1.83528469e-01	-1.76589726e-03	-1.59066703e-02	1.41407730e-02
588             	-1.52295458e-02	1.83859922e-01	-2.72426164e-03	-1.65916766e-02	1.38674150e-02
589             	-1.54106885e-02	1.84194671e-01	-3.83303122e-03	-1.73272041e-02	1.34941729e-02
590             	-1.55808720e-02	1.84532434e-01	-4.90818487e-03	-1.80349645e-02	1.31267796e-02
591             	-1.57812140e-02	1.84869253e-01	-5.71647801e-03	-1.86394530e-02	1.29229750e-02
592             	-1.60630706e-02	1.85148356e-01	-6.04392395e-03	-1.90850325e-02	1.30411086e-02
593             	-1.64370688e-02	1.85311278e-01	-5.85226658e-03	-1.93632021e-02	1.35109355e-02
594             	-1.68581355e-02	1.85311223e-01	-5.21730250e-03	-1.94667868e-02	1.42494843e-02
595             	-1.72663344e-02	1.85162561e-01	-4.24490457e-03	-1.93887867e-02	1.51438822e-02
596             	-1.76097105e-02	1.84885642e-01	-3.05154375e-03	-1.91354824e-02	1.60839386e-02
597             	-1.78587065e-02	1.84567459e-01	-1.69371927e-03	-1.87055662e-02	1.70118469e-02
598             	-1.80390560e-02	1.84280845e-01	-1.67248960e-04	-1.81226805e-02	1.79554316e-02
599             	-1.81869705e-02	1.84091406e-01	1.54137907e-03	-1.74162810e-02	1.89576600e-02
600             	-1.83058107e-02	1.83973613e-01	3.38383849e-03	-1.66138915e-02	1.99977300e-02
601             	-1.83730488e-02	1.83879850e-01	5.21520354e-03	-1.57654470e-02	2.09806505e-02
602             	-1.83904990e-02	1.83770850e-01	6.93823559e-03	-1.49213812e-02	2.18596168e-02
603             	-1.83765536e-02	1.83659404e-01	8.51598209e-03	-1.41185626e-02	2.26345447e-02
604             	-1.83728290e-02	1.83545607e-01	9.96803456e-03	-1.33888117e-02	2.33568463e-02
605             	-1.83967445e-02	1.83419916e-01	1.13209563e-02	-1.27362663e-02	2.40572226e-02
606             	-1.84720038e-02	1.83234575e-01	1.25803282e-02	-1.21818397e-02	2.47621679e-02
607             	-1.85851803e-02	1.82941156e-01	1.36648837e-02	-1.17527385e-02	2.54176222e-02
608             	-1.87204329e-02	1.82501544e-01	1.45035059e-02	-1.14686799e-02	2.59721859e-02
609             	-1.88180654e-02	1.81914882e-01	1.50002429e-02	-1.13179439e-02	2.63181868e-02
610             	-1.88246136e-02	1.81188596e-01	1.50212710e-02	-1.13139781e-02	2.63352491e-02
611             	-1.87048092e-02	1.80370433e-01	1.43992272e-02	-1.15051956e-02	2.59044228e-02
612             	-1.84788579e-02	1.79528650e-01	1.31066687e-02	-1.19255235e-02	2.50321922e-02
613             	-1.82153122e-02	1.78726809e-01	1.12851843e-02	-1.25727200e-02	2.38579043e-02
614             	-1.79880439e-02	1.78039620e-01	9.20092182e-03	-1.33875830e-02	2.25885048e-02
615             	-1.78566712e-02	1.77484632e-01	7.08896081e-03	-1.43121908e-02	2.14011516e-02
616             	-1.78444806e-02	1.77088262e-01	5.15127751e-03	-1.52688418e-02	2.04201193e-02
617             	-1.79220743e-02	1.76868390e-01	3.50426052e-03	-1.61699440e-02	1.96742046e-02
618             	-1.80377482e-02	1.76892299e-01	2.13682447e-03	-1.69693360e-02	1.91061604e-02
619             	-1.81228026e-02	1.77202640e-01	8.89041466e-04	-1.76782819e-02	1.85673233e-02
620             	-1.81119606e-02	1.77780900e-01	-4.28576757e-04	-1.83262490e-02	1.78976722e-02
621             	-1.79706709e-02	1.78570870e-01	-1.99245273e-03	-1.89668972e-02	1.69744445e-02
622             	-1.76727420e-02	1.79466671e-01	-3.89646113e-03	-1.96209726e-02	1.57245115e-02
623             	-1.72111202e-02	1.80372919e-01	-6.17502725e-03	-2.02986339e-02	1.41236066e-02
624             	-1.66163166e-02	1.81204624e-01	-8.74257429e-03	-2.09876037e-02	1.22450294e-02
625             	-1.59471606e-02	1.81918601e-01	-1.14286388e-02	-2.16614800e-02	1.02328412e-02
626             	-1.52618049e-02	1.82502360e-01	-1.40108880e-02	-2.22672489e-02	8.25636091e-03
627             	-1.46148131e-02	1.82956977e-01	-1.62666645e-02	-2.27481453e-02	6.48148085e-03
628             	-1.40426167e-02	1.83293503e-01	-1.79782875e-02	-2.30317604e-02	5.05347295e-03
629             	-1.35677135e-02	1.83553771e-01	-1.89460124e-02	-2.30407197e-02	4.09470725e-03
630             	-1.32140210e-02	1.83797781e-01	-1.90172850e-02	-2.27226635e-02	3.70537848e-03
631             	-1.29751413e-02	1.84078509e-01	-1.81767659e-02	-2.20635242e-02	3.88675837e-03
632             	-1.28171400e-02	1.84359156e-01	-1.66395570e-02	-2.11369185e-02	4.49736156e-03
633             	-1.26858197e-02	1.84568902e-01	-1.47094747e-02	-2.00405571e-02	5.33108230e-03
634             	-1.25424074e-02	1.84650754e-01	-1.26785991e-02	-1.88817070e-02	6.20310784e-03
635             	-1.23537905e-02	1.84607078e-01	-1.07386639e-02	-1.77231224e-02	6.98445849e-03
636             	-1.21208751e-02	1.84484444e-01	-8.96568928e-03	-1.66037197e-02	7.63803044e-03
637             	-1.18641925e-02	1.84340960e-01	-7.34450710e-03	-1.55364461e-02	8.19193898e-03
638             	-1.16122440e-02	1.84197476e-01	-5.85526440e-03	-1.45398762e-02	8.68461178e-03
639             	-1.13887966e-02	1.84090133e-01	-4.51129879e-03	-1.36444460e-02	9.13314724e-03
640             	-1.12082798e-02	1.84044539e-01	-3.31016677e-03	-1.28633631e-02	9.55319637e-03
641             	-1.10879815e-02	1.84072337e-01	-2.22149653e-03	-1.21987297e-02	9.97723319e-03
642             	-1.10478895e-02	1.84168288e-01	-1.14666975e-03	-1.16212244e-02	1.04745546e-02
643             	-1.11107500e-02	1.84324544e-01	7.45907159e-06	-1.11070205e-02	1.11144795e-02
644             	-1.13024123e-02	1.84496101e-01	1.33800581e-03	-1.06334094e-02	1.19714152e-02
645             	-1.16277209e-02	1.84628043e-01	2.85334479e-03	-1.02010485e-02	1.30543933e-02
646             	-1.20859652e-02	1.84662258e-01	4.49986252e-03	-9.83603391e-03	1.43358964e-02
647             	-1.26704351e-02	1.84565543e-01	6.21553184e-03	-9.56266914e-03	1.57782010e-02
648             	-1.33657710e-02	1.84321900e-01	7.82693219e-03	-9.45230493e-03	1.72792371e-02
649             	-1.41305873e-02	1.83951233e-01	9.12711002e-03	-9.56703229e-03	1.86941423e-02
650             	-1.49232046e-02	1.83478487e-01	1.00202166e-02	-9.91309627e-03	1.99333129e-02
651             	-1.56965845e-02	1.82969217e-01	1.05804544e-02	-1.04063573e-02	2.09868117e-02
652             	-1.64336705e-02	1.82494279e-01	1.09300524e-02	-1.09686443e-02	2.18986967e-02
653             	-1.71566078e-02	1.82127187e-01	1.12239574e-02	-1.15446291e-02	2.27685866e-02
654             	-1.78816438e-02	1.81948685e-01	1.16035830e-02	-1.20798523e-02	2.36834353e-02
655             	-1.86282985e-02	1.81999873e-01	1.21506305e-02	-1.25529832e-02	2.47036137e-02
656             	-1.94021105e-02	1.82236596e-01	1.28710023e-02	-1.29666094e-02	2.58376117e-02
657             	-2.01811562e-02	1.82603664e-01	1.37586297e-02	-1.33018414e-02	2.70604710e-02
658             	-2.09240426e-02	1.83066335e-01	1.47670171e-02	-1.35405340e-02	2.83075512e-02
659             	-2.16126678e-02	1.83565015e-01	1.57957391e-02	-1.37147983e-02	2.95105374e-02
660             	-2.22281731e-02	1.84015011e-01	1.67129712e-02	-1.38716875e-02	3.05846587e-02
661             	-2.27320547e-02	1.84393244e-01	1.73684076e-02	-1.40478509e-02	3.14162585e-02
662             	-2.30564987e-02	1.84722067e-01	1.76400381e-02	-1.42364796e-02	3.18765178e-02
663             	-2.31245459e-02	1.85051221e-01	1.74249143e-02	-1.44120887e-02	3.18370030e-02
664             	-2.29058533e-02	1.85378816e-01	1.67175094e-02	-1.45470986e-02	3.12646080e-02
665             	-2.23768717e-02	1.85671043e-01	1.54774360e-02	-1.46381536e-02	3.01155897e-02
666             	-2.15477872e-02	1.85887743e-01	1.37978591e-02	-1.46488577e-02	2.84467168e-02
667             	-2.04696093e-02	1.86009966e-01	1.19165544e-02	-1.45113321e-02	2.64278866e-02
668             	-1.92974619e-02	1.86025300e-01	1.02209498e-02	-1.41869870e-02	2.44079368e-02
669             	-1.82191244e-02	1.85958069e-01	9.02881350e-03	-1.37047177e-02	2.27335312e-02
670             	-1.73113986e-02	1.85843677e-01	8.36287216e-03	-1.31299626e-02	2.14928347e-02
671             	-1.65481797e-02	1.85726646e-01	8.01828618e-03	-1.25390366e-02	2.05573228e-02
672             	-1.58762675e-02	1.85607903e-01	7.78615316e-03	-1.19831909e-02	1.97693441e-02
673             	-1.52352671e-02	1.85485437e-01	7.43099101e-03	-1.15197716e-02	1.89507626e-02
674             	-1.45456888e-02	1.85352507e-01	6.70963920e-03	-1.11908692e-02	1.79005084e-02
675             	-1.37440267e-02	1.85219041e-01	5.41218099e-03	-1.10379362e-02	1.64501172e-02
676             	-1.28167086e-02	1.85093974e-01	3.45140388e-03	-1.10910067e-02	1.45424106e-02
677             	-1.18427943e-02	1.84968001e-01	8.90700734e-04	-1.13974439e-02	1.22881446e-02
678             	-1.09714905e-02	1.84825122e-01	-1.99867587e-03	-1.19708284e-02	9.97215253e-03
679             	-1.03202791e-02	1.84653073e-01	-4.83902258e-03	-1.27397904e-02	7.90076786e-03
680             	-9.95576408e-03	1.84452576e-01	-7.33371086e-03	-1.36226195e-02	6.28890866e-03
681             	-9.88884550e-03	1.84248258e-01	-9.38537167e-03	-1.45815313e-02	5.19615967e-03
682             	-1.00687084e-02	1.84074123e-01	-1.09663492e-02	-1.55518830e-02	4.58553379e-03
683             	-1.04124956e-02	1.83937592e-01	-1.21649126e-02	-1.64949519e-02	4.33003935e-03
684             	-1.08335698e-02	1.83821831e-01	-1.30884360e-02	-1.73777878e-02	4.28935181e-03
685             	-1.12892699e-02	1.83678174e-01	-1.37385561e-02	-1.81585479e-02	4.41999187e-03
686             	-1.17783324e-02	1.83493586e-01	-1.40909388e-02	-1.88238018e-02	4.73286299e-03
687             	-1.23467027e-02	1.83315942e-01	-1.40646154e-02	-1.93790104e-02	5.31439500e-03
688             	-1.30189948e-02	1.83170272e-01	-1.35300324e-02	-1.97840110e-02	6.25397860e-03
689             	-1.37921804e-02	1.83075615e-01	-1.23925418e-02	-1.99884512e-02	7.59590946e-03
690             	-1.46166899e-02	1.83001635e-01	-1.07552541e-02	-1.99943170e-02	9.23906285e-03
691             	-1.54245579e-02	1.82902681e-01	-8.80339479e-03	-1.98262553e-02	1.10228605e-02
692             	-1.61560986e-02	1.82751834e-01	-6.71153080e-03	-1.95118640e-02	1.28003332e-02
693             	-1.67850897e-02	1.82585667e-01	-4.56934464e-03	-1.90697620e-02	1.45004173e-02
694             	-1.73384288e-02	1.82418089e-01	-2.33104390e-03	-1.85039508e-02	1.61729069e-02
695             	-1.78414089e-02	1.82262544e-01	-2.13342553e-05	-1.78520760e-02	1.78307418e-02
696             	-1.82609143e-02	1.82120508e-01	2.24737013e-03	-1.71372292e-02	1.93845993e-02
697             	-1.85194177e-02	1.82012293e-01	4.26625766e-03	-1.63862889e-02	2.06525465e-02
698             	-1.85416991e-02	1.81957682e-01	5.82253592e-03	-1.56304311e-02	2.14529671e-02
699             	-1.83258444e-02	1.81961371e-01	6.78476119e-03	-1.49334638e-02	2.17182249e-02
700             	-1.79392990e-02	1.81998574e-01	7.22406917e-03	-1.43272644e-02	2.15513335e-02
701             	-1.74885341e-02	1.82031721e-01	7.36263360e-03	-1.38072173e-02	2.11698509e-02
702             	-1.70724600e-02	1.82003181e-01	7.41750654e-03	-1.33637067e-02	2.07812132e-02
703             	-1.67522819e-02	1.81870444e-01	7.53331274e-03	-1.29856255e-02	2.05189382e-02
704             	-1.65356037e-02	1.81616061e-01	7.75559562e-03	-1.26578059e-02	2.04134015e-02
705             	-1.64006284e-02	1.81269285e-01	8.12175619e-03	-1.23397503e-02	2.04615065e-02
706             	-1.62782505e-02	1.80852694e-01	8.55495231e-03	-1.20007743e-02	2.05557267e-02
707             	-1.61090400e-02	1.80395888e-01	8.95024598e-03	-1.16339170e-02	2.05841630e-02
708             	-1.58526846e-02	1.79904926e-01	9.17690963e-03	-1.12642297e-02	2.04411394e-02
709             	-1.54893945e-02	1.79420721e-01	9.13619486e-03	-1.09212971e-02	2.00574919e-02
710             	-1.50112814e-02	1.78984088e-01	8.79038904e-03	-1.06160869e-02	1.94064759e-02
711             	-1.44488019e-02	1.78635527e-01	8.19858556e-03	-1.03495091e-02	1.85480946e-02
712             	-1.38448356e-02	1.78379041e-01	7.46953277e-03	-1.01100692e-02	1.75796020e-02
713             	-1.32421889e-02	1.78252423e-01	6.70871282e-03	-9.88783252e-03	1.65965453e-02
714             	-1.26981750e-02	1.78257899e-01	5.97906346e-03	-9.70864330e-03	1.56877068e-02
715             	-1.22885283e-02	1.78372442e-01	5.30673798e-03	-9.63515928e-03	1.49418973e-02
716             	-1.20623071e-02	1.78574718e-01	4.69311293e-03	-9.71575062e-03	1.44088636e-02
717             	-1.20510184e-02	1.78863661e-01	4.15933533e-03	-9.97135075e-03	1.41306861e-02
718             	-1.22349250e-02	1.79261437e-01	3.73182120e-03	-1.03690144e-02	1.41008356e-02
719             	-1.25655021e-02	1.79768584e-01	3.37321246e-03	-1.08788959e-02	1.42521083e-02
720             	-1.29821587e-02	1.80351338e-01	3.01405052e-03	-1.14751335e-02	1.44891840e-02
721             	-1.34162393e-02	1.81006079e-01	2.51672105e-03	-1.21578788e-02	1.46745998e-02
722             	-1.38068189e-02	1.81744434e-01	1.77544180e-03	-1.29190980e-02	1.46945398e-02
723             	-1.41065806e-02	1.82579236e-01	7.31038743e-04	-1.37410613e-02	1.44721000e-02
724             	-1.42843886e-02	1.83469686e-01	-6.17297638e-04	-1.45930374e-02	1.39757398e-02
725             	-1.43322610e-02	1.84337253e-01	-2.13885024e-03	-1.54016861e-02	1.32628359e-02
726             	-1.42736395e-02	1.85109830e-01	-3.59230311e-03	-1.60697911e-02	1.24774880e-02
727             	-1.41423628e-02	1.85757108e-01	-4.70144509e-03	-1.64930854e-02	1.17916403e-02
728             	-1.39540993e-02	1.86268198e-01	-5.35198960e-03	-1.66300941e-02	1.12781045e-02
729             	-1.37151364e-02	1.86634174e-01	-5.58597664e-03	-1.65081247e-02	1.09221480e-02
730             	-1.34199360e-02	1.86878211e-01	-5.47564768e-03	-1.61577599e-02	1.06821122e-02
731             	-1.30769940e-02	1.87059724e-01	-5.06306839e-03	-1.56085282e-02	1.05454598e-02
732             	-1.26914947e-02	1.87229722e-01	-4.40071692e-03	-1.48918532e-02	1.04911363e-02
733             	-1.22749317e-02	1.87418172e-01	-3.55310229e-03	-1.40514829e-02	1.04983806e-02
734             	-1.18421819e-02	1.87628590e-01	-2.59243116e-03	-1.31383975e-02	1.05459664e-02
735             	-1.14332988e-02	1.87863420e-01	-1.58954720e-03	-1.22280724e-02	1.06385252e-02
736             	-1.11157277e-02	1.88081259e-01	-5.15623207e-04	-1.13735393e-02	1.08579161e-02
737             	-1.09450710e-02	1.88252539e-01	6.75796340e-04	-1.06071728e-02	1.12829691e-02
738             	-1.09560228e-02	1.88318808e-01	1.98326916e-03	-9.96438820e-03	1.19476574e-02
739             	-1.11591626e-02	1.88228278e-01	3.35264420e-03	-9.48284050e-03	1.28354847e-02
740             	-1.15582532e-02	1.87937352e-01	4.70875393e-03	-9.20387626e-03	1.39126302e-02
741             	-1.21528278e-02	1.87452384e-01	5.97496425e-03	-9.16534563e-03	1.51403099e-02
742             	-1.29037201e-02	1.86806911e-01	7.03240652e-03	-9.38751684e-03	1.64199234e-02
743             	-1.37463042e-02	1.86096681e-01	7.74592216e-03	-9.87334316e-03	1.76192653e-02
744             	-1.46364673e-02	1.85375287e-01	8.01520601e-03	-1.06288643e-02	1.86440703e-02
745             	-1.55668686e-02	1.84667993e-01	7.84820839e-03	-1.16427644e-02	1.94909728e-02
746             	-1.65674366e-02	1.83947016e-01	7.42353271e-03	-1.28556703e-02	2.02792030e-02
747             	-1.76290260e-02	1.83210546e-01	6.92313229e-03	-1.41674599e-02	2.10905922e-02
748             	-1.87592434e-02	1.82486695e-01	6.56283286e-03	-1.54778270e-02	2.20406599e-02
749             	-1.99375076e-02	1.81868281e-01	6.41683149e-03	-1.67290919e-02	2.31459233e-02
750             	-2.11091352e-02	1.81391027e-01	6.45751690e-03	-1.78803767e-02	2.43378936e-02
751             	-2.22006708e-02	1.81072091e-01	6.62854474e-03	-1.88863985e-02	2.55149432e-02
752             	-2.31544646e-02	1.80866707e-01	6.86742481e-03	-1.97207522e-02	2.65881770e-02
753             	-2.39384020e-02	1.80745460e-01	7.13661715e-03	-2.03700934e-02	2.75067106e-02
754             	-2.45035979e-02	1.80691349e-01	7.34773890e-03	-2.08297285e-02	2.81774674e-02
755             	-2.48373143e-02	1.80702675e-01	7.42637327e-03	-2.11241277e-02	2.85505010e-02
756             	-2.49447401e-02	1.80763680e-01	7.36883096e-03	-2.12603246e-02	2.86291555e-02
757             	-2.48460058e-02	1.80864385e-01	7.16403148e-03	-2.12639901e-02	2.84280215e-02
758             	-2.45774682e-02	1.80953900e-01	6.83663518e-03	-2.11591506e-02	2.79957858e-02
759             	-2.41772065e-02	1.81010070e-01	6.45043421e-03	-2.09519894e-02	2.74024236e-02
760             	-2.36678062e-02	1.81019704e-01	6.08930956e-03	-2.06231514e-02	2.67124610e-02
761             	-2.30580031e-02	1.81030136e-01	5.81754398e-03	-2.01492311e-02	2.59667751e-02
762             	-2.23421747e-02	1.81103779e-01	5.61192842e-03	-1.95362105e-02	2.51481389e-02
763             	-2.15394583e-02	1.81290911e-01	5.39417865e-03	-1.88423690e-02	2.42365476e-02
764             	-2.06361233e-02	1.81564877e-01	5.00755855e-03	-1.81323440e-02	2.31399026e-02
765             	-1.96656783e-02	1.81880488e-01	4.46299153e-03	-1.74341825e-02	2.18971740e-02
766             	-1.86506654e-02	1.82132148e-01	3.80993207e-03	-1.67456994e-02	2.05556315e-02
767             	-1.76210738e-02	1.82263447e-01	3.10028362e-03	-1.60709320e-02	1.91712156e-02
768             	-1.65796577e-02	1.82290674e-01	2.31235659e-03	-1.54234794e-02	1.77358359e-02
769             	-1.55323043e-02	1.82298594e-01	1.40384478e-03	-1.48303819e-02	1.62342267e-02
770             	-1.45172635e-02	1.82364982e-01	4.03350120e-04	-1.43155884e-02	1.47189386e-02
771             	-1.36153296e-02	1.82528300e-01	-5.35461907e-04	-1.38830605e-02	1.33475986e-02
772             	-1.29034887e-02	1.82777639e-01	-1.26383088e-03	-1.35354042e-02	1.22715733e-02
773             	-1.23876944e-02	1.83103763e-01	-1.73215149e-03	-1.32537701e-02	1.15216186e-02
774             	-1.20212119e-02	1.83466867e-01	-2.00748136e-03	-1.30249525e-02	1.10174712e-02
775             	-1.17251827e-02	1.83809570e-01	-2.23078471e-03	-1.28405750e-02	1.06097903e-02
776             	-1.14495752e-02	1.84105836e-01	-2.47140095e-03	-1.26852757e-02	1.02138748e-02
777             	-1.12072644e-02	1.84366959e-01	-2.60643930e-03	-1.25104841e-02	9.90404476e-03
778             	-1.10576122e-02	1.84590014e-01	-2.46937300e-03	-1.22922987e-02	9.82292568e-03
779             	-1.10501819e-02	1.84765144e-01	-1.97060615e-03	-1.20354850e-02	1.00648788e-02
780             	-1.12165057e-02	1.84863204e-01	-1.17272927e-03	-1.18028703e-02	1.06301410e-02
781             	-1.15653519e-02	1.84880424e-01	-1.53365153e-04	-1.16420345e-02	1.14886693e-02
782             	-1.20743732e-02	1.84827127e-01	9.81817068e-04	-1.15834646e-02	1.25652817e-02
783             	-1.26658323e-02	1.84730568e-01	2.08030991e-03	-1.16256774e-02	1.37059873e-02
784             	-1.32382784e-02	1.84592229e-01	2.94361558e-03	-1.17664706e-02	1.47100861e-02
785             	-1.37022974e-02	1.84453725e-01	3.34141673e-03	-1.20315891e-02	1.53730058e-02
786             	-1.40229177e-02	1.84375719e-01	3.19715222e-03	-1.24243416e-02	1.56214938e-02
787             	-1.42107014e-02	1.84426166e-01	2.60959859e-03	-1.29059021e-02	1.55155007e-02
788             	-1.43073149e-02	1.84602001e-01	1.76190221e-03	-1.34263638e-02	1.51882660e-02
789             	-1.43793191e-02	1.84884607e-01	9.01540278e-04	-1.39285490e-02	1.48300892e-02
790             	-1.44654844e-02	1.85239327e-01	2.36641611e-04	-1.43471636e-02	1.45838052e-02
791             	-1.46128757e-02	1.85604954e-01	-9.55310221e-05	-1.46606412e-02	1.45651102e-02
792             	-1.48631301e-02	1.85936948e-01	-5.69540903e-05	-1.48916071e-02	1.48346530e-02
793             	-1.52202424e-02	1.86232838e-01	2.08730135e-04	-1.51158774e-02	1.53246075e-02
794             	-1.56487920e-02	1.86484050e-01	5.99881127e-04	-1.53488515e-02	1.59487326e-02
795             	-1.60929499e-02	1.86668798e-01	1.06302562e-03	-1.55614371e-02	1.66244627e-02
796             	-1.64925251e-02	1.86727158e-01	1.55502545e-03	-1.57150124e-02	1.72700378e-02
797             	-1.67767809e-02	1.86596591e-01	1.98587476e-03	-1.57838436e-02	1.77697183e-02
798             	-1.68886831e-02	1.86249857e-01	2.24712984e-03	-1.57651181e-02	1.80122480e-02
799             	-1.68338560e-02	1.85672099e-01	2.30922857e-03	-1.56792417e-02	1.79884703e-02
800             	-1.65918787e-02	1.84857795e-01	2.11540708e-03	-1.55341752e-02	1.76495822e-02
801             	-1.61647864e-02	1.83863256e-01	1.70709990e-03	-1.53112364e-02	1.70183363e-02
802             	-1.55939041e-02	1.82742622e-01	1.14958965e-03	-1.50191093e-02	1.61686989e-02
803             	-1.49238942e-02	1.81573965e-01	5.49191180e-04	-1.46492986e-02	1.51984898e-02
804             	-1.42335962e-02	1.80411244e-01	6.05431525e-05	-1.42033246e-02	1.42638677e-02
805             	-1.35920169e-02	1.79411637e-01	-2.17567503e-04	-1.37008006e-02	1.34832331e-02
806             	-1.30424501e-02	1.78666732e-01	-2.54043007e-04	-1.31694716e-02	1.29154286e-02
807             	-1.26108810e-02	1.78244991e-01	-1.05225332e-04	-1.26634937e-02	1.25582683e-02
808             	-1.22932711e-02	1.78145865e-01	6.88141671e-05	-1.22588640e-02	1.23276782e-02
809             	-1.20789000e-02	1.78342113e-01	5.82762640e-05	-1.20497619e-02	1.21080381e-02
810             	-1.19450844e-02	1.78742962e-01	-2.48046488e-04	-1.20691077e-02	1.18210612e-02
811             	-1.19028002e-02	1.79255303e-01	-8.50851120e-04	-1.23282258e-02	1.14773747e-02
812             	-1.19591799e-02	1.79807967e-01	-1.69910715e-03	-1.28087335e-02	1.11096263e-02
813             	-1.21227575e-02	1.80354083e-01	-2.71502759e-03	-1.34802713e-02	1.07652437e-02
814             	-1.23989155e-02	1.80829975e-01	-3.80838441e-03	-1.43031077e-02	1.04947233e-02
815             	-1.27717925e-02	1.81202475e-01	-4.91401675e-03	-1.52288009e-02	1.03147842e-02
816             	-1.31963019e-02	1.81462735e-01	-5.94135855e-03	-1.61669812e-02	1.02256226e-02
817             	-1.36455422e-02	1.81632241e-01	-6.79479689e-03	-1.70429407e-02	1.02481438e-02
818             	-1.40851068e-02	1.81716784e-01	-7.38281000e-03	-1.77765118e-02	1.03937018e-02
819             	-1.44786058e-02	1.81726561e-01	-7.64304403e-03	-1.83001278e-02	1.06570838e-02
820             	-1.47881967e-02	1.81692436e-01	-7.57111589e-03	-1.85737546e-02	1.10026387e-02
821             	-1.49960585e-02	1.81620684e-01	-7.24966860e-03	-1.86208928e-02	1.13712242e-02
822             	-1.51009797e-02	1.81507692e-01	-6.75084196e-03	-1.84764007e-02	1.17255587e-02
823             	-1.51383749e-02	1.81404256e-01	-6.10996084e-03	-1.81933553e-02	1.20833945e-02
824             	-1.51313357e-02	1.81353219e-01	-5.33843693e-03	-1.78005541e-02	1.24621172e-02
825             	-1.50866003e-02	1.81363101e-01	-4.41698486e-03	-1.72950927e-02	1.28781078e-02
826             	-1.50185150e-02	1.81410723e-01	-3.35053659e-03	-1.66937833e-02	1.33432467e-02
827             	-1.49241562e-02	1.81542479e-01	-2.20585949e-03	-1.60270860e-02	1.38212265e-02
828             	-1.48054923e-02	1.81776396e-01	-1.08156861e-03	-1.53462766e-02	1.42647080e-02
829             	-1.46667104e-02	1.82152185e-01	-2.93497515e-05	-1.46813853e-02	1.46520356e-02
830             	-1.45202755e-02	1.82665785e-01	8.94097484e-04	-1.40732267e-02	1.49673242e-02
831             	-1.43841518e-02	1.83275737e-01	1.66543087e-03	-1.35514364e-02	1.52168673e-02
832             	-1.42669260e-02	1.83905149e-01	2.22716931e-03	-1.31533414e-02	1.53805107e-02
833             	-1.41893426e-02	1.84468675e-01	2.50010777e-03	-1.29392887e-02	1.54393965e-02
834             	-1.41649688e-02	1.84859196e-01	2.45067272e-03	-1.29396325e-02	1.53903052e-02
835             	-1.41903685e-02	1.85022208e-01	2.13598319e-03	-1.31223769e-02	1.52583601e-02
836             	-1.42431911e-02	1.84927585e-01	1.69871903e-03	-1.33938316e-02	1.50925506e-02
837             	-1.43042586e-02	1.84583198e-01	1.31594954e-03	-1.36462838e-02	1.49622333e-02
838             	-1.43724445e-02	1.84025010e-01	1.13541458e-03	-1.38047372e-02	1.49401518e-02
839             	-1.44586344e-02	1.83345447e-01	1.19436887e-03	-1.38614500e-02	1.50558189e-02
840             	-1.45590910e-02	1.82621840e-01	1.45211991e-03	-1.38330311e-02	1.52851510e-02
841             	-1.46412117e-02	1.81927687e-01	1.85702167e-03	-1.37127008e-02	1.55697225e-02
842             	-1.46723485e-02	1.81313738e-01	2.35230468e-03	-1.34961962e-02	1.58485009e-02
843             	-1.46511312e-02	1.80840568e-01	2.90396165e-03	-1.31991504e-02	1.61031121e-02
844             	-1.46099331e-02	1.80550544e-01	3.47693063e-03	-1.28714678e-02	1.63483984e-02
845             	-1.45976861e-02	1.80430487e-01	4.07775045e-03	-1.25588109e-02	1.66365613e-02
846             	-1.46601502e-02	1.80438181e-01	4.67966486e-03	-1.23203178e-02	1.69999826e-02
847             	-1.48130399e-02	1.80554492e-01	5.27427843e-03	-1.21759007e-02	1.74501791e-02
848             	-1.50456438e-02	1.80755800e-01	5.83703055e-03	-1.21271285e-02	1.79641590e-02
849             	-1.53517881e-02	1.81013531e-01	6.33016711e-03	-1.21867046e-02	1.85168717e-02
850             	-1.57314650e-02	1.81301196e-01	6.78590387e-03	-1.23385131e-02	1.91244170e-02
851             	-1.61816140e-02	1.81616791e-01	7.27936913e-03	-1.25419295e-02	1.98212986e-02
852             	-1.67054798e-02	1.81954053e-01	7.87141081e-03	-1.27697744e-02	2.06411852e-02
853             	-1.72822109e-02	1.82313841e-01	8.53091837e-03	-1.30167517e-02	2.15476701e-02
854             	-1.78594716e-02	1.82648573e-01	9.16185186e-03	-1.32785457e-02	2.24403976e-02
855             	-1.83635032e-02	1.82925921e-01	9.60819312e-03	-1.35594067e-02	2.31675998e-02
856             	-1.87008188e-02	1.83137625e-01	9.72656789e-03	-1.38375349e-02	2.35641028e-02
857             	-1.88081273e-02	1.83318110e-01	9.41309105e-03	-1.41015818e-02	2.35146728e-02
858             	-1.86526908e-02	1.83481025e-01	8.56457372e-03	-1.43704039e-02	2.29349776e-02
859             	-1.82040641e-02	1.83631967e-01	7.14196937e-03	-1.46330794e-02	2.17750487e-02
860             	-1.74618555e-02	1.83779102e-01	5.16100942e-03	-1.48813508e-02	2.00423602e-02
861             	-1.64679777e-02	1.83962987e-01	2.71317769e-03	-1.51113889e-02	1.78245666e-02
862             	-1.53275462e-02	1.84216999e-01	-1.55059104e-06	-1.53283215e-02	1.53267709e-02
863             	-1.41698365e-02	1.84540446e-01	-2.75184507e-03	-1.55457590e-02	1.27939139e-02
864             	-1.31044708e-02	1.84915751e-01	-5.25820248e-03	-1.57335721e-02	1.04753696e-02
865             	-1.21977458e-02	1.85324027e-01	-7.27486136e-03	-1.58351765e-02	8.56031512e-03
866             	-1.14687377e-02	1.85746289e-01	-8.71427390e-03	-1.58258746e-02	7.11160073e-03
867             	-1.09039565e-02	1.86181926e-01	-9.60830822e-03	-1.57081106e-02	6.09980237e-03
868             	-1.04803765e-02	1.86572695e-01	-1.00423678e-02	-1.55015604e-02	5.45919261e-03
869             	-1.01724719e-02	1.86885118e-01	-1.00953313e-02	-1.52201375e-02	5.12480619e-03
870             	-9.96579584e-03	1.87082370e-01	-9.78043069e-03	-1.48560112e-02	5.07558049e-03
871             	-9.87663210e-03	1.87167433e-01	-9.03982398e-03	-1.43965441e-02	5.35672011e-03
872             	-9.93103050e-03	1.87110493e-01	-7.87723114e-03	-1.38696461e-02	5.99241493e-03
873             	-1.01529411e-02	1.86933370e-01	-6.32013390e-03	-1.33130081e-02	6.99287418e-03
874             	-1.05425267e-02	1.86614746e-01	-4.48962633e-03	-1.27873398e-02	8.29771349e-03
875             	-1.10838646e-02	1.86172863e-01	-2.53237610e-03	-1.23500527e-02	9.81767659e-03
876             	-1.17447646e-02	1.85578696e-01	-6.70065774e-04	-1.20797975e-02	1.14097317e-02
877             	-1.24980443e-02	1.84867608e-01	9.74899461e-04	-1.20105945e-02	1.29854940e-02
878             	-1.33276657e-02	1.84032609e-01	2.31331526e-03	-1.21710081e-02	1.44843233e-02
879             	-1.41855728e-02	1.83155095e-01	3.27303140e-03	-1.25490571e-02	1.58220885e-02
880             	-1.50219657e-02	1.82330169e-01	3.79665062e-03	-1.31236404e-02	1.69202911e-02
881             	-1.58176032e-02	1.81628351e-01	3.93252304e-03	-1.38513417e-02	1.77838647e-02
882             	-1.66113053e-02	1.81073266e-01	3.79975219e-03	-1.47114292e-02	1.85111814e-02
883             	-1.74378802e-02	1.80647550e-01	3.58826830e-03	-1.56437461e-02	1.92320144e-02
884             	-1.83144690e-02	1.80328741e-01	3.45836674e-03	-1.65852856e-02	2.00436524e-02
885             	-1.92204106e-02	1.80121403e-01	3.54525037e-03	-1.74477854e-02	2.09930358e-02
886             	-2.01150963e-02	1.80001177e-01	3.88228534e-03	-1.81739537e-02	2.20562390e-02
887             	-2.09376916e-02	1.79910717e-01	4.47045540e-03	-1.87024639e-02	2.31729193e-02
888             	-2.16401523e-02	1.79830866e-01	5.28548119e-03	-1.89974117e-02	2.42828929e-02
889             	-2.22267441e-02	1.79820598e-01	6.32833400e-03	-1.90625771e-02	2.53909111e-02
890             	-2.26835940e-02	1.79927351e-01	7.53399013e-03	-1.89165989e-02	2.64505890e-02
891             	-2.29842611e-02	1.80182711e-01	8.73623393e-03	-1.86161441e-02	2.73523781e-02
892             	-2.31177408e-02	1.80560925e-01	9.76997080e-03	-1.82327554e-02	2.80027262e-02
893             	-2.30691548e-02	1.81005342e-01	1.04963861e-02	-1.78209617e-02	2.83173479e-02
894             	-2.28475688e-02	1.81446345e-01	1.08506930e-02	-1.74222223e-02	2.82729153e-02
895             	-2.24792842e-02	1.81857812e-01	1.08811473e-02	-1.70387106e-02	2.79198579e-02
896             	-2.19693932e-02	1.82222312e-01	1.05838840e-02	-1.66774512e-02	2.72613352e-02
897             	-2.13039222e-02	1.82550565e-01	9.90299221e-03	-1.63524261e-02	2.62554183e-02
898             	-2.05159748e-02	1.82787090e-01	8.85168663e-03	-1.60901315e-02	2.49418181e-02
899             	-1.96549955e-02	1.82912151e-01	7.47801438e-03	-1.59159883e-02	2.33940027e-02
900             	-1.87794312e-02	1.82944459e-01	5.91315985e-03	-1.58228513e-02	2.17360111e-02
901             	-1.79297785e-02	1.82948800e-01	4.27940949e-03	-1.57900738e-02	2.00694833e-02
902             	-1.71102122e-02	1.82995756e-01	2.65306754e-03	-1.57836785e-02	1.84367460e-02
903             	-1.63149023e-02	1.83175163e-01	1.04097936e-03	-1.57944126e-02	1.68353920e-02
904             	-1.54881372e-02	1.83499516e-01	-6.70643857e-04	-1.58234591e-02	1.51528153e-02
905             	-1.46054601e-02	1.83945889e-01	-2.52248502e-03	-1.58667026e-02	1.33442176e-02
906             	-1.36711233e-02	1.84447307e-01	-4.50671703e-03	-1.59244818e-02	1.14177648e-02
907             	-1.27142050e-02	1.84929009e-01	-6.55631057e-03	-1.59923603e-02	9.43604970e-03
908             	-1.17815333e-02	1.85317662e-01	-8.54050139e-03	-1.60517840e-02	7.51128265e-03
909             	-1.09548444e-02	1.85581394e-01	-1.02681686e-02	-1.60889287e-02	5.82076004e-03
910             	-1.03149601e-02	1.85707858e-01	-1.15997077e-02	-1.61148140e-02	4.51510627e-03
911             	-9.93274744e-03	1.85728152e-01	-1.24469418e-02	-1.61562184e-02	3.70927652e-03
912             	-9.80949886e-03	1.85681449e-01	-1.27667591e-02	-1.61928784e-02	3.42611931e-03
913             	-9.94299215e-03	1.85632290e-01	-1.25122683e-02	-1.61991263e-02	3.68685799e-03
914             	-1.03285862e-02	1.85621356e-01	-1.17009151e-02	-1.61790437e-02	4.47812867e-03
915             	-1.09035858e-02	1.85660135e-01	-1.04360822e-02	-1.61216269e-02	5.68554470e-03
916             	-1.15595581e-02	1.85711777e-01	-8.87960774e-03	-1.59993620e-02	7.11975425e-03
917             	-1.22544223e-02	1.85722693e-01	-7.15196862e-03	-1.58304066e-02	8.67843803e-03
918             	-1.29863497e-02	1.85609977e-01	-5.25932786e-03	-1.56160137e-02	1.03566858e-02
919             	-1.37471005e-02	1.85373711e-01	-3.24332590e-03	-1.53687635e-02	1.21254376e-02
920             	-1.44986295e-02	1.85015506e-01	-1.18303673e-03	-1.50901479e-02	1.39071111e-02
921             	-1.52024863e-02	1.84606572e-01	7.57310013e-04	-1.48238313e-02	1.55811413e-02
922             	-1.58324009e-02	1.84202363e-01	2.45643152e-03	-1.46041851e-02	1.70606166e-02
923             	-1.63742334e-02	1.83851124e-01	3.81546442e-03	-1.44665012e-02	1.82819656e-02
924             	-1.68351149e-02	1.83568765e-01	4.77380902e-03	-1.44482104e-02	1.92220194e-02
925             	-1.71776978e-02	1.83340469e-01	5.26448962e-03	-1.45454529e-02	1.98099426e-02
926             	-1.73622281e-02	1.83105030e-01	5.24055159e-03	-1.47419523e-02	1.99825039e-02
927             	-1.73599256e-02	1.82818104e-01	4.69054173e-03	-1.50146547e-02	1.97051965e-02
928             	-1.71973840e-02	1.82456827e-01	3.74951347e-03	-1.53226272e-02	1.90721407e-02
929             	-1.69397372e-02	1.82089730e-01	2.55843540e-03	-1.56605195e-02	1.82189549e-02
930             	-1.66968570e-02	1.81781416e-01	1.29531959e-03	-1.60491972e-02	1.73445168e-02
931             	-1.65422270e-02	1.81562731e-01	8.30512101e-05	-1.65007014e-02	1.65837526e-02
932             	-1.64845225e-02	1.81432499e-01	-1.00741839e-03	-1.69882317e-02	1.59808133e-02
933             	-1.64496532e-02	1.81366705e-01	-2.01025552e-03	-1.74547810e-02	1.54445254e-02
934             	-1.63660836e-02	1.81345707e-01	-2.93685134e-03	-1.78345093e-02	1.48976580e-02
935             	-1.61959269e-02	1.81343203e-01	-3.80838251e-03	-1.81001182e-02	1.42917357e-02
936             	-1.59319397e-02	1.81354300e-01	-4.64621195e-03	-1.82550456e-02	1.36088337e-02
937             	-1.56127448e-02	1.81389698e-01	-5.47077994e-03	-1.83481348e-02	1.28773548e-02
938             	-1.52772670e-02	1.81436386e-01	-6.29227370e-03	-1.84234039e-02	1.21311302e-02
939             	-1.49374474e-02	1.81499303e-01	-7.06832336e-03	-1.84716091e-02	1.14032858e-02
940             	-1.45970377e-02	1.81583556e-01	-7.75149998e-03	-1.84727877e-02	1.07212878e-02
941             	-1.42612758e-02	1.81716160e-01	-8.35618467e-03	-1.84393681e-02	1.00831834e-02
942             	-1.39312485e-02	1.81883406e-01	-8.93635164e-03	-1.83994243e-02	9.46307266e-03
943             	-1.36228551e-02	1.82036612e-01	-9.58291980e-03	-1.84143150e-02	8.83139525e-03
944             	-1.33604181e-02	1.82126496e-01	-1.02597469e-02	-1.84902916e-02	8.23054463e-03
945             	-1.31810635e-02	1.82134778e-01	-1.09038589e-02	-1.86329929e-02	7.72913404e-03
946             	-1.30984384e-02	1.82076157e-01	-1.15113350e-02	-1.88541059e-02	7.34277087e-03
947             	-1.30931304e-02	1.81981478e-01	-1.20943442e-02	-1.91403025e-02	7.04595830e-03
948             	-1.31344193e-02	1.81873007e-01	-1.26868067e-02	-1.94778227e-02	6.79101598e-03
949             	-1.31806423e-02	1.81786603e-01	-1.33341951e-02	-1.98477398e-02	6.51354472e-03
950             	-1.32044797e-02	1.81733510e-01	-1.40222431e-02	-2.02156013e-02	6.19335815e-03
951             	-1.31920291e-02	1.81720943e-01	-1.47038485e-02	-2.05439534e-02	5.84010489e-03
952             	-1.31388228e-02	1.81743942e-01	-1.53042169e-02	-2.07909313e-02	5.48671436e-03
953             	-1.30558106e-02	1.81800353e-01	-1.57016255e-02	-2.09066233e-02	5.20499787e-03
954             	-1.29592108e-02	1.81883330e-01	-1.57494204e-02	-2.08339209e-02	5.08450057e-03
955             	-1.28586682e-02	1.81970150e-01	-1.53213709e-02	-2.05193537e-02	5.19798280e-03
956             	-1.27722914e-02	1.82050823e-01	-1.43185014e-02	-1.99315422e-02	5.61304073e-03
957             	-1.27241284e-02	1.82143753e-01	-1.27192257e-02	-1.90837413e-02	6.36451552e-03
958             	-1.27429511e-02	1.82223701e-01	-1.05751147e-02	-1.80305084e-02	7.45539377e-03
959             	-1.28265616e-02	1.82292542e-01	-8.07594122e-03	-1.68645322e-02	8.78859097e-03
960             	-1.29519419e-02	1.82341747e-01	-5.43633139e-03	-1.56701075e-02	1.02337762e-02
961             	-1.30980761e-02	1.82376624e-01	-2.81309259e-03	-1.45046224e-02	1.16915298e-02
962             	-1.32461460e-02	1.82399532e-01	-3.51832263e-04	-1.34220621e-02	1.30702298e-02
963             	-1.33871628e-02	1.82425154e-01	1.78539364e-03	-1.24944659e-02	1.42798596e-02
964             	-1.35351014e-02	1.82451309e-01	3.51948089e-03	-1.17753610e-02	1.52948418e-02
965             	-1.37242440e-02	1.82471060e-01	4.85571760e-03	-1.12963852e-02	1.61521028e-02
966             	-1.39895250e-02	1.82453641e-01	5.88033629e-03	-1.10493568e-02	1.69296931e-02
967             	-1.43576192e-02	1.82401578e-01	6.72162410e-03	-1.09968072e-02	1.77184313e-02
968             	-1.48375561e-02	1.82330059e-01	7.42327881e-03	-1.11259167e-02	1.85491955e-02
969             	-1.54473503e-02	1.82255623e-01	8.00286186e-03	-1.14459194e-02	1.94487813e-02
970             	-1.61799860e-02	1.82183024e-01	8.44559312e-03	-1.19571894e-02	2.04027826e-02
971             	-1.70088098e-02	1.82132302e-01	8.79147047e-03	-1.26130745e-02	2.14045450e-02
972             	-1.78757835e-02	1.82103711e-01	9.08829397e-03	-1.33316365e-02	2.24199304e-02
973             	-1.87244624e-02	1.82102363e-01	9.35609718e-03	-1.40464138e-02	2.34025110e-02
974             	-1.95073688e-02	1.82122684e-01	9.59873988e-03	-1.47079989e-02	2.43067388e-02
975             	-2.01757745e-02	1.82177169e-01	9.79141869e-03	-1.52800652e-02	2.50714839e-02
976             	-2.07170551e-02	1.82284232e-01	9.94907441e-03	-1.57425179e-02	2.56915923e-02
977             	-2.11146002e-02	1.82452343e-01	1.00876856e-02	-1.60707575e-02	2.61584430e-02
978             	-2.13578642e-02	1.82655482e-01	1.01976465e-02	-1.62590409e-02	2.64566874e-02
979             	-2.14475019e-02	1.82893474e-01	1.02486354e-02	-1.63231842e-02	2.65718196e-02
980             	-2.14467358e-02	1.83187745e-01	1.03250154e-02	-1.62842281e-02	2.66092435e-02
981             	-2.13803134e-02	1.83552003e-01	1.04386090e-02	-1.61610089e-02	2.65996179e-02
982             	-2.12875689e-02	1.83967968e-01	1.05832425e-02	-1.59959476e-02	2.65791901e-02
983             	-2.11195623e-02	1.84387816e-01	1.05733261e-02	-1.58328993e-02	2.64062253e-02
984             	-2.08168460e-02	1.84745896e-01	1.02075635e-02	-1.57130643e-02	2.59206278e-02
985             	-2.03351178e-02	1.85053847e-01	9.35413103e-03	-1.56580523e-02	2.50121833e-02
986             	-1.96969937e-02	1.85285872e-01	8.03162771e-03	-1.56811798e-02	2.37128075e-02
987             	-1.89292058e-02	1.85444278e-01	6.31693390e-03	-1.57707388e-02	2.20876727e-02
988             	-1.80682841e-02	1.85514422e-01	4.30792640e-03	-1.59143209e-02	2.02222473e-02
989             	-1.71534369e-02	1.85531530e-01	2.12043448e-03	-1.60932196e-02	1.82136541e-02
990             	-1.62238290e-02	1.85494159e-01	-7.90538090e-05	-1.62633559e-02	1.61843021e-02
991             	-1.53200350e-02	1.85424310e-01	-2.10579708e-03	-1.63729335e-02	1.42671364e-02
992             	-1.45059857e-02	1.85318447e-01	-3.77666294e-03	-1.63943172e-02	1.26176543e-02
993             	-1.38284845e-02	1.85184810e-01	-4.95961142e-03	-1.63082902e-02	1.13486788e-02
994             	-1.32978010e-02	1.85007539e-01	-5.71591010e-03	-1.61557561e-02	1.04398460e-02
995             	-1.28457617e-02	1.84781935e-01	-6.29889994e-03	-1.59952116e-02	9.69631170e-03
996             	-1.24315325e-02	1.84483685e-01	-6.92816510e-03	-1.58956151e-02	8.96744999e-03
997             	-1.20235824e-02	1.84122223e-01	-7.74506220e-03	-1.58961135e-02	8.15105131e-03
998             	-1.16193273e-02	1.83709391e-01	-8.76528239e-03	-1.60019685e-02	7.23668608e-03
999             	-1.12304946e-02	1.83293686e-01	-9.96095541e-03	-1.62109723e-02	6.25001687e-03
1000            	-1.08820534e-02	1.82933767e-01	-1.12928639e-02	-1.65284853e-02	5.23562144e-03
